Time	LatencyAverage
132000.0	19137.1296
141600.0	19137.1296
151200.0	19137.1296
160800.0	19137.1296
170400.0	19137.1296
180000.0	19137.1296
189600.0	19137.1296
199200.0	19137.1296
208800.0	19137.1296
218400.0	19137.1296
228000.0	19137.1296
237600.0	19137.1296
247200.0	19137.1296
256800.0	19137.1296
264000.0	19137.1296
265800.0	19137.1296
133800.0	19137.1296
143400.0	19137.1296
153000.0	19137.1296
162600.0	19137.1296
172200.0	19137.1296
181800.0	19137.1296
191400.0	19137.1296
201000.0	19137.1296
210600.0	19137.1296
220200.0	19137.1296
229800.0	19137.1296
239400.0	19137.1296
249000.0	19137.1296
258600.0	19137.1296
267600.0	19137.1296
69000.0	10154.8755
269400.0	19137.1296
73800.0	12086.9151
78600.0	18554.6044
83400.0	18832.5812
88200.0	18832.5812
93000.0	18607.3357
97800.0	19137.1296
102600.0	19137.1296
107400.0	19137.1296
112200.0	19137.1296
117000.0	19137.1296
121800.0	19137.1296
126600.0	19137.1296
135600.0	19137.1296
145200.0	19137.1296
600.0	NaN
154800.0	19137.1296
164400.0	19137.1296
174000.0	19137.1296
183600.0	19137.1296
193200.0	19137.1296
202800.0	19137.1296
212400.0	19137.1296
222000.0	19137.1296
231600.0	19137.1296
241200.0	19137.1296
250800.0	19137.1296
260400.0	19137.1296
271200.0	19137.1296
1200.0	NaN
1800.0	NaN
2400.0	NaN
3000.0	NaN
3600.0	NaN
4200.0	NaN
273000.0	19137.1296
4800.0	NaN
5400.0	NaN
6000.0	NaN
6600.0	NaN
7200.0	NaN
7800.0	NaN
8400.0	NaN
137400.0	19137.1296
9000.0	NaN
147000.0	19137.1296
9600.0	NaN
10200.0	NaN
156600.0	19137.1296
166200.0	19137.1296
10800.0	NaN
175800.0	19137.1296
11400.0	NaN
185400.0	19137.1296
12000.0	NaN
195000.0	19137.1296
12600.0	NaN
204600.0	19137.1296
13200.0	NaN
13800.0	NaN
214200.0	19137.1296
223800.0	19137.1296
14400.0	NaN
233400.0	19137.1296
15000.0	NaN
243000.0	19137.1296
15600.0	NaN
252600.0	19137.1296
16200.0	NaN
16800.0	NaN
274800.0	19137.1296
18000.0	NaN
19200.0	NaN
20400.0	NaN
21600.0	11322.7000
22800.0	10180.5500
24000.0	10244.8417
25200.0	10015.6457
26400.0	9817.4532
27600.0	9817.4532
28800.0	9817.4532
30000.0	9817.4532
31200.0	9817.4532
32400.0	9817.4532
33600.0	9817.4532
36000.0	9817.4532
38400.0	9817.4532
40800.0	10299.2771
43200.0	10299.2771
45600.0	10299.2771
48000.0	10299.2771
50400.0	10299.2771
52800.0	10299.2771
55200.0	10299.2771
57600.0	10299.2771
60000.0	10299.2771
62400.0	10299.2771
64800.0	10154.8755
67200.0	10154.8755
72000.0	10154.8755
76800.0	14002.9279
81600.0	18554.6044
86400.0	18832.5812
91200.0	18832.5812
96000.0	19137.1296
100800.0	19137.1296
105600.0	19137.1296
110400.0	19137.1296
115200.0	19137.1296
120000.0	19137.1296
124800.0	19137.1296
129600.0	19137.1296
134400.0	19137.1296
144000.0	19137.1296
153600.0	19137.1296
163200.0	19137.1296
172800.0	19137.1296
182400.0	19137.1296
192000.0	19137.1296
201600.0	19137.1296
211200.0	19137.1296
220800.0	19137.1296
230400.0	19137.1296
240000.0	19137.1296
249600.0	19137.1296
259200.0	19137.1296
268800.0	19137.1296
270600.0	19137.1296
136200.0	19137.1296
145800.0	19137.1296
155400.0	19137.1296
165000.0	19137.1296
174600.0	19137.1296
184200.0	19137.1296
193800.0	19137.1296
203400.0	19137.1296
213000.0	19137.1296
222600.0	19137.1296
232200.0	19137.1296
241800.0	19137.1296
251400.0	19137.1296
261000.0	19137.1296
272400.0	19137.1296
67800.0	10154.8755
274200.0	19137.1296
72600.0	10154.8755
77400.0	15557.7222
82200.0	18832.5812
87000.0	18832.5812
91800.0	18832.5812
96600.0	19137.1296
101400.0	19137.1296
106200.0	19137.1296
111000.0	19137.1296
115800.0	19137.1296
120600.0	19137.1296
125400.0	19137.1296
130200.0	19137.1296
138000.0	19137.1296
147600.0	19137.1296
157200.0	19137.1296
166800.0	19137.1296
176400.0	19137.1296
186000.0	19137.1296
195600.0	19137.1296
205200.0	19137.1296
214800.0	19137.1296
224400.0	19137.1296
234000.0	19137.1296
243600.0	19137.1296
253200.0	19137.1296
139800.0	19137.1296
149400.0	19137.1296
159000.0	19137.1296
168600.0	19137.1296
178200.0	19137.1296
187800.0	19137.1296
197400.0	19137.1296
207000.0	19137.1296
216600.0	19137.1296
226200.0	19137.1296
235800.0	19137.1296
245400.0	19137.1296
255000.0	19137.1296
33000.0	9817.4532
35400.0	9817.4532
37800.0	9817.4532
40200.0	10299.2771
42600.0	10299.2771
45000.0	10299.2771
47400.0	10299.2771
49800.0	10299.2771
52200.0	10299.2771
54600.0	10299.2771
57000.0	10299.2771
59400.0	10299.2771
61800.0	10299.2771
64200.0	10154.8755
66000.0	10154.8755
262200.0	19137.1296
70800.0	10154.8755
75600.0	12866.5569
80400.0	18554.6044
85200.0	18832.5812
90000.0	18832.5812
94800.0	18607.3357
99600.0	19137.1296
104400.0	19137.1296
109200.0	19137.1296
114000.0	19137.1296
118800.0	19137.1296
123600.0	19137.1296
128400.0	19137.1296
136800.0	19137.1296
146400.0	19137.1296
156000.0	19137.1296
165600.0	19137.1296
175200.0	19137.1296
184800.0	19137.1296
194400.0	19137.1296
204000.0	19137.1296
213600.0	19137.1296
223200.0	19137.1296
232800.0	19137.1296
242400.0	19137.1296
252000.0	19137.1296
261600.0	19137.1296
273600.0	19137.1296
138600.0	19137.1296
148200.0	19137.1296
157800.0	19137.1296
167400.0	19137.1296
177000.0	19137.1296
186600.0	19137.1296
196200.0	19137.1296
205800.0	19137.1296
215400.0	19137.1296
225000.0	19137.1296
234600.0	19137.1296
244200.0	19137.1296
253800.0	19137.1296
66600.0	10154.8755
71400.0	10154.8755
76200.0	13568.8317
81000.0	18554.6044
85800.0	18832.5812
90600.0	18832.5812
95400.0	18607.3357
100200.0	19137.1296
105000.0	19137.1296
109800.0	19137.1296
114600.0	19137.1296
119400.0	19137.1296
124200.0	19137.1296
129000.0	19137.1296
140400.0	19137.1296
150000.0	19137.1296
159600.0	19137.1296
169200.0	19137.1296
178800.0	19137.1296
188400.0	19137.1296
198000.0	19137.1296
207600.0	19137.1296
217200.0	19137.1296
226800.0	19137.1296
236400.0	19137.1296
246000.0	19137.1296
255600.0	19137.1296
263400.0	19137.1296
132600.0	19137.1296
142200.0	19137.1296
151800.0	19137.1296
161400.0	19137.1296
171000.0	19137.1296
180600.0	19137.1296
190200.0	19137.1296
199800.0	19137.1296
209400.0	19137.1296
219000.0	19137.1296
228600.0	19137.1296
238200.0	19137.1296
247800.0	19137.1296
257400.0	19137.1296
17400.0	NaN
265200.0	19137.1296
18600.0	NaN
19800.0	NaN
21000.0	5281.9000
22200.0	10382.8333
23400.0	10142.3576
24600.0	9475.0275
25800.0	9817.4532
27000.0	9817.4532
28200.0	9817.4532
29400.0	9817.4532
30600.0	9817.4532
31800.0	9817.4532
34800.0	9817.4532
37200.0	9817.4532
39600.0	10299.2771
42000.0	10299.2771
44400.0	10299.2771
46800.0	10299.2771
49200.0	10299.2771
51600.0	10299.2771
54000.0	10299.2771
56400.0	10299.2771
58800.0	10299.2771
61200.0	10299.2771
63600.0	10154.8755
69600.0	10154.8755
267000.0	19137.1296
74400.0	12764.8148
79200.0	18554.6044
84000.0	18832.5812
88800.0	18832.5812
93600.0	18607.3357
98400.0	19137.1296
103200.0	19137.1296
108000.0	19137.1296
112800.0	19137.1296
117600.0	19137.1296
122400.0	19137.1296
127200.0	19137.1296
139200.0	19137.1296
148800.0	19137.1296
158400.0	19137.1296
168000.0	19137.1296
177600.0	19137.1296
187200.0	19137.1296
196800.0	19137.1296
206400.0	19137.1296
216000.0	19137.1296
225600.0	19137.1296
235200.0	19137.1296
244800.0	19137.1296
254400.0	19137.1296
131400.0	19137.1296
141000.0	19137.1296
150600.0	19137.1296
160200.0	19137.1296
169800.0	19137.1296
179400.0	19137.1296
189000.0	19137.1296
198600.0	19137.1296
208200.0	19137.1296
217800.0	19137.1296
227400.0	19137.1296
237000.0	19137.1296
246600.0	19137.1296
256200.0	19137.1296
262800.0	19137.1296
264600.0	19137.1296
70200.0	10154.8755
75000.0	13047.8579
79800.0	18554.6044
84600.0	18832.5812
89400.0	18832.5812
94200.0	18607.3357
99000.0	19137.1296
103800.0	19137.1296
108600.0	19137.1296
113400.0	19137.1296
118200.0	19137.1296
123000.0	19137.1296
127800.0	19137.1296
133200.0	19137.1296
142800.0	19137.1296
152400.0	19137.1296
162000.0	19137.1296
171600.0	19137.1296
181200.0	19137.1296
190800.0	19137.1296
200400.0	19137.1296
210000.0	19137.1296
219600.0	19137.1296
229200.0	19137.1296
238800.0	19137.1296
248400.0	19137.1296
258000.0	19137.1296
266400.0	19137.1296
268200.0	19137.1296
135000.0	19137.1296
144600.0	19137.1296
154200.0	19137.1296
163800.0	19137.1296
173400.0	19137.1296
183000.0	19137.1296
192600.0	19137.1296
202200.0	19137.1296
211800.0	19137.1296
221400.0	19137.1296
231000.0	19137.1296
240600.0	19137.1296
250200.0	19137.1296
259800.0	19137.1296
270000.0	19137.1296
34200.0	9817.4532
36600.0	9817.4532
39000.0	10299.2771
41400.0	10299.2771
43800.0	10299.2771
46200.0	10299.2771
48600.0	10299.2771
51000.0	10299.2771
53400.0	10299.2771
55800.0	10299.2771
58200.0	10299.2771
60600.0	10299.2771
63000.0	10299.2771
65400.0	10154.8755
68400.0	10154.8755
271800.0	19137.1296
73200.0	11003.9059
78000.0	16320.6000
82800.0	18832.5812
87600.0	18832.5812
92400.0	18607.3357
97200.0	19137.1296
102000.0	19137.1296
106800.0	19137.1296
111600.0	19137.1296
116400.0	19137.1296
121200.0	19137.1296
126000.0	19137.1296
130800.0	19137.1296

