Time	ProbabilityMessageDelivered
132000.0	0.17839195979899497
141600.0	0.16627634660421545
151200.0	0.15570175438596492
160800.0	0.14609053497942387
170400.0	0.1378640776699029
180000.0	0.13051470588235295
189600.0	0.12390924956369982
199200.0	0.11774461028192372
208800.0	0.11216429699842022
218400.0	0.10725075528700906
228000.0	0.10274963820549927
237600.0	0.09861111111111111
247200.0	0.09479305740987984
256800.0	0.09114249037227215
264000.0	0.08863920099875156
265800.0	0.0880893300248139
133800.0	0.17574257425742573
143400.0	0.16397228637413394
153000.0	0.15367965367965367
162600.0	0.1446028513238289
172200.0	0.1362763915547025
181800.0	0.1290909090909091
191400.0	0.1226252158894646
201000.0	0.11658456486042693
210600.0	0.11128526645768025
220200.0	0.10644677661169415
229800.0	0.10201149425287356
239400.0	0.09793103448275862
249000.0	0.09403973509933775
258600.0	0.09056122448979592
267600.0	0.0874384236453202
69000.0	0.23444976076555024
269400.0	0.08690330477356181
73800.0	0.23766816143497757
78600.0	0.2857142857142857
83400.0	0.27380952380952384
88200.0	0.2593984962406015
93000.0	0.2491103202846975
97800.0	0.24067796610169492
102600.0	0.22903225806451613
107400.0	0.2191358024691358
112200.0	0.20943952802359883
117000.0	0.20113314447592068
121800.0	0.19346049046321526
126600.0	0.18586387434554974
135600.0	0.17359413202933985
145200.0	0.16210045662100456
600.0	0.0
154800.0	0.15203426124197003
164400.0	0.14285714285714285
174000.0	0.13498098859315588
183600.0	0.12792792792792793
193200.0	0.12136752136752137
202800.0	0.11563517915309446
212400.0	0.1104199066874028
222000.0	0.10549777117384844
231600.0	0.10113960113960115
241200.0	0.09712722298221614
250800.0	0.09342105263157895
260400.0	0.08987341772151898
271200.0	0.08626974483596597
1200.0	0.0
1800.0	0.0
2400.0	0.0
3000.0	0.0
3600.0	0.0
4200.0	0.0
273000.0	0.08574879227053141
4800.0	0.0
5400.0	0.0
6000.0	0.0
6600.0	0.0
7200.0	0.0
7800.0	0.0
8400.0	0.0
137400.0	0.17149758454106281
9000.0	0.0
147000.0	0.15990990990990991
9600.0	0.0
10200.0	0.0
156600.0	0.15010570824524314
166200.0	0.14143426294820718
10800.0	0.0
175800.0	0.1337099811676083
11400.0	0.0
185400.0	0.12678571428571428
12000.0	0.0
195000.0	0.12033898305084746
12600.0	0.0
204600.0	0.11451612903225807
13200.0	0.0
13800.0	0.0
214200.0	0.10939907550077041
223800.0	0.10471976401179942
14400.0	0.0
233400.0	0.10042432814710042
15000.0	0.0
243000.0	0.09646739130434782
15600.0	0.0
252600.0	0.0926892950391645
16200.0	0.0
16800.0	0.0
274800.0	0.08523409363745499
18000.0	0.0
19200.0	0.0
20400.0	0.0
21600.0	0.21212121212121213
22800.0	0.463768115942029
24000.0	0.4931506849315068
25200.0	0.6052631578947368
26400.0	0.5875
27600.0	0.5595238095238095
28800.0	0.5402298850574713
30000.0	0.5164835164835165
31200.0	0.5
32400.0	0.47959183673469385
33600.0	0.46078431372549017
36000.0	0.43119266055045874
38400.0	0.4051724137931034
40800.0	0.3870967741935484
43200.0	0.366412213740458
45600.0	0.34782608695652173
48000.0	0.3310344827586207
50400.0	0.3137254901960784
52800.0	0.3
55200.0	0.2874251497005988
57600.0	0.27586206896551724
60000.0	0.26519337016574585
62400.0	0.25396825396825395
64800.0	0.25
67200.0	0.2413793103448276
72000.0	0.22477064220183487
76800.0	0.2629310344827586
81600.0	0.27530364372469635
86400.0	0.26436781609195403
91200.0	0.25
96000.0	0.24482758620689654
100800.0	0.23355263157894737
105600.0	0.2225705329153605
110400.0	0.2132132132132132
115200.0	0.20402298850574713
120000.0	0.19613259668508287
124800.0	0.1883289124668435
129600.0	0.1815856777493606
134400.0	0.17530864197530865
144000.0	0.16359447004608296
153600.0	0.15301724137931033
163200.0	0.1440162271805274
172800.0	0.1360153256704981
182400.0	0.12885662431941924
192000.0	0.12220309810671257
201600.0	0.11620294599018004
211200.0	0.1109375
220800.0	0.10612855007473841
230400.0	0.1017191977077364
240000.0	0.09766162310866575
249600.0	0.09379128137384413
259200.0	0.09033078880407125
268800.0	0.08711656441717791
270600.0	0.08647990255785627
136200.0	0.17274939172749393
145800.0	0.16136363636363638
155400.0	0.1513859275053305
165000.0	0.14228456913827656
174600.0	0.13446969696969696
184200.0	0.12746858168761221
193800.0	0.12095400340715502
203400.0	0.11525974025974026
213000.0	0.11007751937984496
222600.0	0.10534124629080119
232200.0	0.10099573257467995
241800.0	0.09686221009549795
251400.0	0.09317585301837271
261000.0	0.08964646464646464
272400.0	0.08595641646489104
67800.0	0.23902439024390243
274200.0	0.08533653846153846
72600.0	0.2237442922374429
77400.0	0.2692307692307692
82200.0	0.2782258064516129
87000.0	0.2623574144486692
91800.0	0.2490974729241877
96600.0	0.24315068493150685
101400.0	0.23202614379084968
106200.0	0.22118380062305296
111000.0	0.21194029850746268
115800.0	0.2034383954154728
120600.0	0.19505494505494506
125400.0	0.18783068783068782
130200.0	0.1806615776081425
138000.0	0.17067307692307693
147600.0	0.15955056179775282
157200.0	0.14947368421052631
166800.0	0.14087301587301587
176400.0	0.13320825515947468
186000.0	0.12633451957295375
195600.0	0.11993243243243243
205200.0	0.11414790996784566
214800.0	0.10906298003072197
224400.0	0.10441176470588236
234000.0	0.1001410437235543
243600.0	0.09620596205962059
253200.0	0.09244791666666667
139800.0	0.16824644549763032
149400.0	0.1574279379157428
159000.0	0.14791666666666667
168600.0	0.1392156862745098
178200.0	0.13172541743970315
187800.0	0.125
197400.0	0.11872909698996656
207000.0	0.11323763955342903
216600.0	0.10823170731707317
226200.0	0.10364963503649635
235800.0	0.0993006993006993
245400.0	0.09543010752688172
255000.0	0.09184993531694696
33000.0	0.47
35400.0	0.4392523364485981
37800.0	0.41228070175438597
40200.0	0.39344262295081966
42600.0	0.37209302325581395
45000.0	0.35294117647058826
47400.0	0.3333333333333333
49800.0	0.31788079470198677
52200.0	0.3037974683544304
54600.0	0.2909090909090909
57000.0	0.2774566473988439
59400.0	0.26666666666666666
61800.0	0.25668449197860965
64200.0	0.25257731958762886
66000.0	0.245
262200.0	0.08930817610062892
70800.0	0.22897196261682243
75600.0	0.25327510917030566
80400.0	0.27983539094650206
85200.0	0.26848249027237353
90000.0	0.2536764705882353
94800.0	0.24475524475524477
99600.0	0.23588039867109634
104400.0	0.2253968253968254
109200.0	0.21515151515151515
114000.0	0.2063953488372093
118800.0	0.19832402234636873
123600.0	0.1903485254691689
128400.0	0.1834625322997416
136800.0	0.17191283292978207
146400.0	0.16063348416289594
156000.0	0.15074309978768577
165600.0	0.142
175200.0	0.1339622641509434
184800.0	0.12701252236135957
194400.0	0.12054329371816638
204000.0	0.11488673139158576
213600.0	0.10973724884080371
223200.0	0.10502958579881656
232800.0	0.10070921985815603
242400.0	0.09659863945578231
252000.0	0.09293193717277487
261600.0	0.08942065491183879
273600.0	0.0855421686746988
138600.0	0.16985645933014354
148200.0	0.15883668903803133
157800.0	0.1488469601677149
167400.0	0.14031620553359683
177000.0	0.13271028037383178
186600.0	0.12588652482269502
196200.0	0.11952861952861953
205800.0	0.11396468699839486
215400.0	0.10872894333843798
225000.0	0.10410557184750734
234600.0	0.09985935302390998
244200.0	0.09594594594594595
253800.0	0.09220779220779221
66600.0	0.24378109452736318
71400.0	0.22685185185185186
76200.0	0.2608695652173913
81000.0	0.27755102040816326
85800.0	0.26640926640926643
90600.0	0.2518248175182482
95400.0	0.24305555555555555
100200.0	0.23432343234323433
105000.0	0.22397476340694006
109800.0	0.21450151057401812
114600.0	0.20520231213872833
119400.0	0.19722222222222222
124200.0	0.18933333333333333
129000.0	0.18251928020565553
140400.0	0.16745283018867924
150000.0	0.15673289183222958
159600.0	0.14730290456431536
169200.0	0.13894324853228962
178800.0	0.13123844731977818
188400.0	0.12456140350877193
198000.0	0.11833333333333333
207600.0	0.11287758346581876
217200.0	0.10790273556231003
226800.0	0.10334788937409024
236400.0	0.09916201117318436
246000.0	0.0953020134228188
255600.0	0.09161290322580645
263400.0	0.08886107634543179
132600.0	0.1775
142200.0	0.1655011655011655
151800.0	0.15502183406113537
161400.0	0.14549180327868852
171000.0	0.13733075435203096
180600.0	0.13003663003663005
190200.0	0.12347826086956522
199800.0	0.11735537190082644
209400.0	0.11198738170347003
219000.0	0.10692771084337349
228600.0	0.10245310245310245
238200.0	0.09847434119278779
247800.0	0.09454061251664447
257400.0	0.09090909090909091
17400.0	0.0
265200.0	0.08830845771144279
18600.0	0.0
19800.0	0.0
21000.0	0.015625
22200.0	0.4411764705882353
23400.0	0.4647887323943662
24600.0	0.5333333333333333
25800.0	0.6025641025641025
27000.0	0.573170731707317
28200.0	0.5465116279069767
29400.0	0.5280898876404494
30600.0	0.5053763440860215
31800.0	0.4895833333333333
34800.0	0.44761904761904764
37200.0	0.415929203539823
39600.0	0.4
42000.0	0.3779527559055118
44400.0	0.3582089552238806
46800.0	0.3380281690140845
49200.0	0.3221476510067114
51600.0	0.3076923076923077
54000.0	0.2926829268292683
56400.0	0.2807017543859649
58800.0	0.2696629213483146
61200.0	0.2594594594594595
63600.0	0.2552083333333333
69600.0	0.23222748815165878
267000.0	0.08765432098765433
74400.0	0.24
79200.0	0.28451882845188287
84000.0	0.27165354330708663
88800.0	0.2574626865671642
93600.0	0.24734982332155478
98400.0	0.23905723905723905
103200.0	0.22756410256410256
108000.0	0.21779141104294478
112800.0	0.2088235294117647
117600.0	0.2
122400.0	0.19241192411924118
127200.0	0.18489583333333334
139200.0	0.16904761904761906
148800.0	0.15812917594654788
158400.0	0.14853556485355648
168000.0	0.13976377952755906
177600.0	0.13221601489757914
187200.0	0.1254416961130742
196800.0	0.11912751677852348
206400.0	0.1136
216000.0	0.10856269113149847
225600.0	0.10395314787701318
235200.0	0.09957924263674614
244800.0	0.09568733153638814
254400.0	0.09208819714656291
131400.0	0.17929292929292928
141000.0	0.16705882352941176
150600.0	0.15604395604395604
160200.0	0.14669421487603307
169800.0	0.13840155945419103
179400.0	0.13099630996309963
189000.0	0.12412587412587413
198600.0	0.11813643926788686
208200.0	0.11251980982567353
217800.0	0.10757575757575757
227400.0	0.10304789550072568
237000.0	0.0988857938718663
246600.0	0.09504685408299866
256200.0	0.09137709137709138
262800.0	0.0890840652446675
264600.0	0.08841843088418432
70200.0	0.23113207547169812
75000.0	0.2511013215859031
79800.0	0.2821576763485477
84600.0	0.26953125
89400.0	0.25555555555555554
94200.0	0.24647887323943662
99000.0	0.23745819397993312
103800.0	0.2268370607028754
108600.0	0.21646341463414634
113400.0	0.20760233918128654
118200.0	0.19887955182072828
123000.0	0.19137466307277629
127800.0	0.18393782383419688
133200.0	0.17661691542288557
142800.0	0.16473317865429235
152400.0	0.15434782608695652
162000.0	0.14519427402862986
171600.0	0.13680154142581888
181200.0	0.12956204379562045
190800.0	0.12305025996533796
200400.0	0.11696869851729819
210000.0	0.11163522012578617
219600.0	0.1066066066066066
229200.0	0.10230547550432277
238800.0	0.09820193637621023
248400.0	0.09428950863213811
258000.0	0.09067688378033206
266400.0	0.08787128712871287
268200.0	0.08722358722358722
135000.0	0.17444717444717445
144600.0	0.1628440366972477
154200.0	0.15236051502145923
163800.0	0.14343434343434344
173400.0	0.13549618320610687
183000.0	0.12839059674502712
192600.0	0.12178387650085763
202200.0	0.11582381729200653
211800.0	0.11059190031152648
221400.0	0.10581222056631892
231000.0	0.10142857142857142
240600.0	0.09739368998628258
250200.0	0.09354413702239789
259800.0	0.0901015228426396
270000.0	0.08669108669108669
34200.0	0.4519230769230769
36600.0	0.42342342342342343
39000.0	0.4067796610169492
41400.0	0.384
43800.0	0.3609022556390977
46200.0	0.34285714285714286
48600.0	0.32653061224489793
51000.0	0.3116883116883117
53400.0	0.2962962962962963
55800.0	0.28402366863905326
58200.0	0.2727272727272727
60600.0	0.26229508196721313
63000.0	0.2513089005235602
65400.0	0.2474747474747475
68400.0	0.23671497584541062
271800.0	0.08616504854368932
73200.0	0.23076923076923078
78000.0	0.2711864406779661
82800.0	0.276
87600.0	0.26037735849056604
92400.0	0.25089605734767023
97200.0	0.24149659863945577
102000.0	0.2305194805194805
106800.0	0.2204968944099379
111600.0	0.21068249258160238
116400.0	0.2022792022792023
121200.0	0.19452054794520549
126000.0	0.1868421052631579
130800.0	0.17974683544303796

