Time	ProbabilityMessageDelivered
132000.0	0.15577889447236182
141600.0	0.1451990632318501
151200.0	0.13596491228070176
160800.0	0.12757201646090535
170400.0	0.1203883495145631
180000.0	0.11397058823529412
189600.0	0.1082024432809773
199200.0	0.10281923714759536
208800.0	0.09794628751974724
218400.0	0.09365558912386707
228000.0	0.08972503617945007
237600.0	0.08611111111111111
247200.0	0.08277703604806408
256800.0	0.07958921694480103
264000.0	0.07740324594257178
265800.0	0.07692307692307693
133800.0	0.15346534653465346
143400.0	0.14318706697459585
153000.0	0.1341991341991342
162600.0	0.12627291242362526
172200.0	0.11900191938579655
181800.0	0.11272727272727273
191400.0	0.1070811744386874
201000.0	0.10180623973727422
210600.0	0.09717868338557993
220200.0	0.09295352323838081
229800.0	0.08908045977011494
239400.0	0.08551724137931034
249000.0	0.08211920529801324
258600.0	0.07908163265306123
267600.0	0.07635467980295567
69000.0	0.215311004784689
269400.0	0.07588739290085679
73800.0	0.23766816143497757
78600.0	0.24789915966386555
83400.0	0.24603174603174602
88200.0	0.23308270676691728
93000.0	0.2206405693950178
97800.0	0.21016949152542372
102600.0	0.2
107400.0	0.19135802469135801
112200.0	0.18289085545722714
117000.0	0.17563739376770537
121800.0	0.16893732970027248
126600.0	0.16230366492146597
135600.0	0.15158924205378974
145200.0	0.1415525114155251
600.0	0.0
154800.0	0.13276231263383298
164400.0	0.12474849094567404
174000.0	0.11787072243346007
183600.0	0.11171171171171171
193200.0	0.10598290598290598
202800.0	0.10097719869706841
212400.0	0.09642301710730948
222000.0	0.09212481426448738
231600.0	0.08831908831908832
241200.0	0.08481532147742818
250800.0	0.08157894736842106
260400.0	0.07848101265822785
271200.0	0.07533414337788578
1200.0	0.0
1800.0	0.0
2400.0	0.0
3000.0	0.0
3600.0	0.0
4200.0	0.0
273000.0	0.0748792270531401
4800.0	0.0
5400.0	0.0
6000.0	0.0
6600.0	0.0
7200.0	0.0
7800.0	0.0
8400.0	0.0
137400.0	0.1497584541062802
9000.0	0.0
147000.0	0.13963963963963963
9600.0	0.0
10200.0	0.0
156600.0	0.13107822410147993
166200.0	0.12350597609561753
10800.0	0.0
175800.0	0.1167608286252354
11400.0	0.0
185400.0	0.11071428571428571
12000.0	0.0
195000.0	0.10508474576271186
12600.0	0.0
204600.0	0.1
13200.0	0.0
13800.0	0.0
214200.0	0.09553158705701079
223800.0	0.09144542772861357
14400.0	0.0
233400.0	0.0876944837340877
15000.0	0.0
243000.0	0.08423913043478261
15600.0	0.0
252600.0	0.08093994778067885
16200.0	0.0
16800.0	0.0
274800.0	0.0744297719087635
18000.0	0.0
19200.0	0.0
20400.0	0.0
21600.0	0.21212121212121213
22800.0	0.463768115942029
24000.0	0.4931506849315068
25200.0	0.5657894736842105
26400.0	0.55
27600.0	0.5238095238095238
28800.0	0.5057471264367817
30000.0	0.4835164835164835
31200.0	0.46808510638297873
32400.0	0.4489795918367347
33600.0	0.43137254901960786
36000.0	0.4036697247706422
38400.0	0.3793103448275862
40800.0	0.3548387096774194
43200.0	0.33587786259541985
45600.0	0.3188405797101449
48000.0	0.30344827586206896
50400.0	0.2875816993464052
52800.0	0.275
55200.0	0.2634730538922156
57600.0	0.25287356321839083
60000.0	0.2430939226519337
62400.0	0.2328042328042328
64800.0	0.22959183673469388
67200.0	0.22167487684729065
72000.0	0.20642201834862386
76800.0	0.25
81600.0	0.24696356275303644
86400.0	0.23754789272030652
91200.0	0.2246376811594203
96000.0	0.21379310344827587
100800.0	0.20394736842105263
105600.0	0.19435736677115986
110400.0	0.18618618618618618
115200.0	0.1781609195402299
120000.0	0.1712707182320442
124800.0	0.16445623342175067
129600.0	0.1585677749360614
134400.0	0.15308641975308643
144000.0	0.14285714285714285
153600.0	0.1336206896551724
163200.0	0.1257606490872211
172800.0	0.11877394636015326
182400.0	0.11252268602540835
192000.0	0.10671256454388985
201600.0	0.10147299509001637
211200.0	0.096875
220800.0	0.09267563527653214
230400.0	0.08882521489971347
240000.0	0.08528198074277854
249600.0	0.08190224570673713
259200.0	0.07888040712468193
268800.0	0.07607361963190185
270600.0	0.07551766138855055
136200.0	0.15085158150851583
145800.0	0.1409090909090909
155400.0	0.13219616204690832
165000.0	0.12424849699398798
174600.0	0.11742424242424243
184200.0	0.11131059245960502
193800.0	0.10562180579216354
203400.0	0.10064935064935066
213000.0	0.09612403100775194
222600.0	0.09198813056379822
232200.0	0.08819345661450925
241800.0	0.08458390177353342
251400.0	0.08136482939632546
261000.0	0.07828282828282829
272400.0	0.07506053268765134
67800.0	0.21951219512195122
274200.0	0.07451923076923077
72600.0	0.2054794520547945
77400.0	0.25213675213675213
82200.0	0.25
87000.0	0.23574144486692014
91800.0	0.22382671480144403
96600.0	0.21232876712328766
101400.0	0.20261437908496732
106200.0	0.19314641744548286
111000.0	0.18507462686567164
115800.0	0.17765042979942694
120600.0	0.17032967032967034
125400.0	0.164021164021164
130200.0	0.15776081424936386
138000.0	0.14903846153846154
147600.0	0.1393258426966292
157200.0	0.13052631578947368
166800.0	0.12301587301587301
176400.0	0.11632270168855535
186000.0	0.1103202846975089
195600.0	0.10472972972972973
205200.0	0.09967845659163987
214800.0	0.09523809523809523
224400.0	0.09117647058823529
234000.0	0.08744710860366714
243600.0	0.08401084010840108
253200.0	0.08072916666666667
139800.0	0.14691943127962084
149400.0	0.13747228381374724
159000.0	0.12916666666666668
168600.0	0.12156862745098039
178200.0	0.1150278293135436
187800.0	0.10915492957746478
197400.0	0.10367892976588629
207000.0	0.09888357256778309
216600.0	0.09451219512195122
226200.0	0.0905109489051095
235800.0	0.08671328671328671
245400.0	0.08333333333333333
255000.0	0.08020698576972833
33000.0	0.44
35400.0	0.411214953271028
37800.0	0.38596491228070173
40200.0	0.36065573770491804
42600.0	0.34108527131782945
45000.0	0.3235294117647059
47400.0	0.3055555555555556
49800.0	0.2913907284768212
52200.0	0.27848101265822783
54600.0	0.26666666666666666
57000.0	0.2543352601156069
59400.0	0.24444444444444444
61800.0	0.23529411764705882
64200.0	0.23195876288659795
66000.0	0.225
262200.0	0.0779874213836478
70800.0	0.2102803738317757
75600.0	0.24017467248908297
80400.0	0.25102880658436216
85200.0	0.24124513618677043
90000.0	0.22794117647058823
94800.0	0.21678321678321677
99600.0	0.2059800664451827
104400.0	0.19682539682539682
109200.0	0.18787878787878787
114000.0	0.18023255813953487
118800.0	0.17318435754189945
123600.0	0.16621983914209115
128400.0	0.16020671834625322
136800.0	0.15012106537530268
146400.0	0.14027149321266968
156000.0	0.1316348195329087
165600.0	0.124
175200.0	0.1169811320754717
184800.0	0.11091234347048301
194400.0	0.10526315789473684
204000.0	0.10032362459546926
213600.0	0.09582689335394126
223200.0	0.09171597633136094
232800.0	0.08794326241134752
242400.0	0.08435374149659863
252000.0	0.08115183246073299
261600.0	0.07808564231738035
273600.0	0.0746987951807229
138600.0	0.14832535885167464
148200.0	0.13870246085011187
157800.0	0.129979035639413
167400.0	0.1225296442687747
177000.0	0.11588785046728972
186600.0	0.1099290780141844
196200.0	0.10437710437710437
205800.0	0.09951845906902086
215400.0	0.09494640122511486
225000.0	0.09090909090909091
234600.0	0.08720112517580872
244200.0	0.08378378378378379
253800.0	0.08051948051948052
66600.0	0.22388059701492538
71400.0	0.20833333333333334
76200.0	0.25217391304347825
81000.0	0.24897959183673468
85800.0	0.23938223938223938
90600.0	0.22627737226277372
95400.0	0.2152777777777778
100200.0	0.20462046204620463
105000.0	0.19558359621451105
109800.0	0.18731117824773413
114600.0	0.1791907514450867
119400.0	0.17222222222222222
124200.0	0.16533333333333333
129000.0	0.15938303341902313
140400.0	0.14622641509433962
150000.0	0.1368653421633554
159600.0	0.12863070539419086
169200.0	0.12133072407045009
178800.0	0.11460258780036968
188400.0	0.10877192982456141
198000.0	0.10333333333333333
207600.0	0.0985691573926868
217200.0	0.09422492401215805
226800.0	0.09024745269286755
236400.0	0.08659217877094973
246000.0	0.08322147651006712
255600.0	0.08
263400.0	0.07759699624530664
132600.0	0.155
142200.0	0.1445221445221445
151800.0	0.13537117903930132
161400.0	0.12704918032786885
171000.0	0.11992263056092843
180600.0	0.11355311355311355
190200.0	0.10782608695652174
199800.0	0.1024793388429752
209400.0	0.09779179810725552
219000.0	0.09337349397590361
228600.0	0.08946608946608947
238200.0	0.08599167822468794
247800.0	0.08255659121171771
257400.0	0.0793854033290653
17400.0	0.0
265200.0	0.07711442786069651
18600.0	0.0
19800.0	0.0
21000.0	0.015625
22200.0	0.4411764705882353
23400.0	0.4647887323943662
24600.0	0.52
25800.0	0.5641025641025641
27000.0	0.5365853658536586
28200.0	0.5116279069767442
29400.0	0.4943820224719101
30600.0	0.4731182795698925
31800.0	0.4583333333333333
34800.0	0.41904761904761906
37200.0	0.3893805309734513
39600.0	0.36666666666666664
42000.0	0.3464566929133858
44400.0	0.3283582089552239
46800.0	0.30985915492957744
49200.0	0.2953020134228188
51600.0	0.28205128205128205
54000.0	0.2682926829268293
56400.0	0.2573099415204678
58800.0	0.24719101123595505
61200.0	0.23783783783783785
63600.0	0.234375
69600.0	0.2132701421800948
267000.0	0.07654320987654321
74400.0	0.23555555555555555
79200.0	0.25523012552301255
84000.0	0.2440944881889764
88800.0	0.23134328358208955
93600.0	0.21908127208480566
98400.0	0.20875420875420875
103200.0	0.1987179487179487
108000.0	0.1901840490797546
112800.0	0.18235294117647058
117600.0	0.17464788732394365
122400.0	0.16802168021680217
127200.0	0.16145833333333334
139200.0	0.14761904761904762
148800.0	0.13808463251670378
158400.0	0.1297071129707113
168000.0	0.1220472440944882
177600.0	0.1154562383612663
187200.0	0.10954063604240283
196800.0	0.1040268456375839
206400.0	0.0992
216000.0	0.09480122324159021
225600.0	0.09077598828696926
235200.0	0.08695652173913043
244800.0	0.08355795148247978
254400.0	0.08041504539559015
131400.0	0.15656565656565657
141000.0	0.14588235294117646
150600.0	0.13626373626373625
160200.0	0.128099173553719
169800.0	0.12085769980506822
179400.0	0.11439114391143912
189000.0	0.10839160839160839
198600.0	0.10316139767054909
208200.0	0.098256735340729
217800.0	0.09393939393939393
227400.0	0.0899854862119013
237000.0	0.08635097493036212
246600.0	0.08299866131191433
256200.0	0.07979407979407979
262800.0	0.07779171894604768
264600.0	0.07721046077210461
70200.0	0.21226415094339623
75000.0	0.23348017621145375
79800.0	0.25311203319502074
84600.0	0.2421875
89400.0	0.22962962962962963
94200.0	0.21830985915492956
99000.0	0.20735785953177258
103800.0	0.19808306709265175
108600.0	0.18902439024390244
113400.0	0.18128654970760233
118200.0	0.17366946778711484
123000.0	0.16711590296495957
127800.0	0.16062176165803108
133200.0	0.15422885572139303
142800.0	0.14385150812064965
152400.0	0.13478260869565217
162000.0	0.12678936605316973
171600.0	0.11946050096339114
181200.0	0.11313868613138686
190800.0	0.10745233968804159
200400.0	0.10214168039538715
210000.0	0.09748427672955975
219600.0	0.09309309309309309
229200.0	0.0893371757925072
238800.0	0.08575380359612725
248400.0	0.08233731739707835
258000.0	0.07918263090676884
266400.0	0.07673267326732673
268200.0	0.07616707616707617
135000.0	0.15233415233415235
144600.0	0.14220183486238533
154200.0	0.13304721030042918
163800.0	0.12525252525252525
173400.0	0.1183206106870229
183000.0	0.11211573236889692
192600.0	0.10634648370497427
202200.0	0.10114192495921696
211800.0	0.09657320872274143
221400.0	0.09239940387481371
231000.0	0.08857142857142856
240600.0	0.0850480109739369
250200.0	0.08168642951251646
259800.0	0.07868020304568528
270000.0	0.0757020757020757
34200.0	0.4230769230769231
36600.0	0.3963963963963964
39000.0	0.3728813559322034
41400.0	0.352
43800.0	0.3308270676691729
46200.0	0.3142857142857143
48600.0	0.29931972789115646
51000.0	0.2857142857142857
53400.0	0.2716049382716049
55800.0	0.2603550295857988
58200.0	0.25
60600.0	0.24043715846994534
63000.0	0.23036649214659685
65400.0	0.22727272727272727
68400.0	0.21739130434782608
271800.0	0.07524271844660194
73200.0	0.2171945701357466
78000.0	0.25
82800.0	0.248
87600.0	0.2339622641509434
92400.0	0.2222222222222222
97200.0	0.2108843537414966
102000.0	0.2012987012987013
106800.0	0.19254658385093168
111600.0	0.18397626112759644
116400.0	0.17663817663817663
121200.0	0.16986301369863013
126000.0	0.1631578947368421
130800.0	0.1569620253164557

