Time	ProbabilityMessageDelivered
132000.0	0.17336683417085427
141600.0	0.16159250585480095
151200.0	0.1513157894736842
160800.0	0.1419753086419753
170400.0	0.13398058252427184
180000.0	0.12683823529411764
189600.0	0.12041884816753927
199200.0	0.11442786069651742
208800.0	0.10900473933649289
218400.0	0.1042296072507553
228000.0	0.09985528219971057
237600.0	0.09583333333333334
247200.0	0.09212283044058744
256800.0	0.08857509627727857
264000.0	0.08614232209737828
265800.0	0.08560794044665013
133800.0	0.1707920792079208
143400.0	0.15935334872979215
153000.0	0.14935064935064934
162600.0	0.14052953156822812
172200.0	0.1324376199616123
181800.0	0.12545454545454546
191400.0	0.11917098445595854
201000.0	0.11330049261083744
210600.0	0.10815047021943573
220200.0	0.10344827586206896
229800.0	0.09913793103448276
239400.0	0.09517241379310344
249000.0	0.0913907284768212
258600.0	0.08801020408163265
267600.0	0.08497536945812807
69000.0	0.33014354066985646
269400.0	0.08445532435740515
73800.0	0.3094170403587444
78600.0	0.28991596638655465
83400.0	0.27380952380952384
88200.0	0.2593984962406015
93000.0	0.24555160142348753
97800.0	0.23389830508474577
102600.0	0.22258064516129034
107400.0	0.21296296296296297
112200.0	0.20353982300884957
117000.0	0.1954674220963173
121800.0	0.1880108991825613
126600.0	0.1806282722513089
135600.0	0.1687041564792176
145200.0	0.15753424657534246
600.0	1.0
154800.0	0.14775160599571735
164400.0	0.13883299798792756
174000.0	0.1311787072243346
183600.0	0.12432432432432433
193200.0	0.11794871794871795
202800.0	0.11237785016286644
212400.0	0.10730948678071539
222000.0	0.1025260029717682
231600.0	0.09829059829059829
241200.0	0.09439124487004104
250800.0	0.09078947368421053
260400.0	0.08734177215189873
271200.0	0.08383961117861483
1200.0	1.0
1800.0	1.0
2400.0	0.8571428571428571
3000.0	1.0
3600.0	0.9090909090909091
4200.0	0.9230769230769231
273000.0	0.08333333333333333
4800.0	1.0
5400.0	0.9375
6000.0	0.9444444444444444
6600.0	0.95
7200.0	1.0
7800.0	0.9583333333333334
8400.0	1.0
137400.0	0.16666666666666666
9000.0	1.0
147000.0	0.1554054054054054
9600.0	1.0
10200.0	0.967741935483871
156600.0	0.14587737843551796
166200.0	0.13745019920318724
10800.0	0.9696969696969697
175800.0	0.12994350282485875
11400.0	1.0
185400.0	0.12321428571428572
12000.0	1.0
195000.0	0.11694915254237288
12600.0	1.0
204600.0	0.11129032258064517
13200.0	0.975
13800.0	0.9761904761904762
214200.0	0.10631741140215717
223800.0	0.10176991150442478
14400.0	0.9545454545454546
233400.0	0.09759547383309759
15000.0	0.9555555555555556
243000.0	0.09375
15600.0	0.9787234042553191
252600.0	0.09007832898172324
16200.0	0.9795918367346939
16800.0	0.9607843137254902
274800.0	0.08283313325330131
18000.0	0.9454545454545454
19200.0	0.9310344827586207
20400.0	0.9032258064516129
21600.0	0.9090909090909091
22800.0	0.9420289855072463
24000.0	0.9041095890410958
25200.0	0.881578947368421
26400.0	0.8625
27600.0	0.8214285714285714
28800.0	0.7931034482758621
30000.0	0.7582417582417582
31200.0	0.7340425531914894
32400.0	0.7040816326530612
33600.0	0.6764705882352942
36000.0	0.6330275229357798
38400.0	0.5948275862068966
40800.0	0.5564516129032258
43200.0	0.5267175572519084
45600.0	0.5
48000.0	0.47586206896551725
50400.0	0.45098039215686275
52800.0	0.43125
55200.0	0.41317365269461076
57600.0	0.39655172413793105
60000.0	0.3812154696132597
62400.0	0.36507936507936506
64800.0	0.3520408163265306
67200.0	0.3399014778325123
72000.0	0.3165137614678899
76800.0	0.2974137931034483
81600.0	0.2793522267206478
86400.0	0.26436781609195403
91200.0	0.25
96000.0	0.23793103448275862
100800.0	0.22697368421052633
105600.0	0.21630094043887146
110400.0	0.2072072072072072
115200.0	0.19827586206896552
120000.0	0.19060773480662985
124800.0	0.1830238726790451
129600.0	0.17647058823529413
134400.0	0.17037037037037037
144000.0	0.15898617511520738
153600.0	0.14870689655172414
163200.0	0.13995943204868155
172800.0	0.13218390804597702
182400.0	0.12522686025408347
192000.0	0.11876075731497418
201600.0	0.11292962356792144
211200.0	0.1078125
220800.0	0.1031390134529148
230400.0	0.0988538681948424
240000.0	0.09491059147180192
249600.0	0.09114927344782034
259200.0	0.08778625954198473
268800.0	0.08466257668711656
270600.0	0.08404384896467722
136200.0	0.1678832116788321
145800.0	0.15681818181818183
155400.0	0.14712153518123666
165000.0	0.13827655310621242
174600.0	0.13068181818181818
184200.0	0.12387791741472172
193800.0	0.11754684838160136
203400.0	0.11201298701298701
213000.0	0.10697674418604651
222600.0	0.10237388724035608
232200.0	0.09815078236130868
241800.0	0.0941336971350614
251400.0	0.09055118110236221
261000.0	0.08712121212121213
272400.0	0.08353510895883777
67800.0	0.33658536585365856
274200.0	0.0829326923076923
72600.0	0.3150684931506849
77400.0	0.2948717948717949
82200.0	0.2782258064516129
87000.0	0.2623574144486692
91800.0	0.2490974729241877
96600.0	0.2363013698630137
101400.0	0.22549019607843138
106200.0	0.21495327102803738
111000.0	0.20597014925373133
115800.0	0.1977077363896848
120600.0	0.18956043956043955
125400.0	0.18253968253968253
130200.0	0.17557251908396945
138000.0	0.1658653846153846
147600.0	0.1550561797752809
157200.0	0.14526315789473684
166800.0	0.13690476190476192
176400.0	0.1294559099437148
186000.0	0.12277580071174377
195600.0	0.11655405405405406
205200.0	0.11093247588424437
214800.0	0.10599078341013825
224400.0	0.10147058823529412
234000.0	0.09732016925246827
243600.0	0.09349593495934959
253200.0	0.08984375
139800.0	0.16350710900473933
149400.0	0.15299334811529933
159000.0	0.14375
168600.0	0.13529411764705881
178200.0	0.1280148423005566
187800.0	0.12147887323943662
197400.0	0.11538461538461539
207000.0	0.11004784688995216
216600.0	0.10518292682926829
226200.0	0.10072992700729927
235800.0	0.0965034965034965
245400.0	0.09274193548387097
255000.0	0.08926261319534282
33000.0	0.69
35400.0	0.6448598130841121
37800.0	0.6052631578947368
40200.0	0.5655737704918032
42600.0	0.5348837209302325
45000.0	0.5073529411764706
47400.0	0.4791666666666667
49800.0	0.45695364238410596
52200.0	0.43670886075949367
54600.0	0.41818181818181815
57000.0	0.3988439306358382
59400.0	0.38333333333333336
61800.0	0.3689839572192513
64200.0	0.3556701030927835
66000.0	0.345
262200.0	0.08679245283018867
70800.0	0.32242990654205606
75600.0	0.30131004366812225
80400.0	0.2839506172839506
85200.0	0.26848249027237353
90000.0	0.2536764705882353
94800.0	0.24125874125874125
99600.0	0.2292358803986711
104400.0	0.21904761904761905
109200.0	0.20909090909090908
114000.0	0.2005813953488372
118800.0	0.19273743016759776
123600.0	0.18498659517426275
128400.0	0.17829457364341086
136800.0	0.16707021791767554
146400.0	0.15610859728506787
156000.0	0.1464968152866242
165600.0	0.138
175200.0	0.13018867924528302
184800.0	0.12343470483005367
194400.0	0.11714770797962648
204000.0	0.11165048543689321
213600.0	0.10664605873261206
223200.0	0.10207100591715976
232800.0	0.09787234042553192
242400.0	0.09387755102040816
252000.0	0.09031413612565445
261600.0	0.08690176322418136
273600.0	0.08313253012048193
138600.0	0.16507177033492823
148200.0	0.15436241610738255
157800.0	0.14465408805031446
167400.0	0.13636363636363635
177000.0	0.12897196261682242
186600.0	0.12234042553191489
196200.0	0.11616161616161616
205800.0	0.11075441412520064
215400.0	0.10566615620214395
225000.0	0.10117302052785923
234600.0	0.0970464135021097
244200.0	0.09324324324324325
253800.0	0.08961038961038961
66600.0	0.34328358208955223
71400.0	0.3194444444444444
76200.0	0.3
81000.0	0.2816326530612245
85800.0	0.26640926640926643
90600.0	0.2518248175182482
95400.0	0.23958333333333334
100200.0	0.22772277227722773
105000.0	0.21766561514195584
109800.0	0.2084592145015106
114600.0	0.1994219653179191
119400.0	0.19166666666666668
124200.0	0.184
129000.0	0.17737789203084833
140400.0	0.16273584905660377
150000.0	0.152317880794702
159600.0	0.14315352697095435
169200.0	0.1350293542074364
178800.0	0.12754158964879853
188400.0	0.12105263157894737
198000.0	0.115
207600.0	0.10969793322734499
217200.0	0.10486322188449848
226800.0	0.10043668122270742
236400.0	0.09636871508379888
246000.0	0.09261744966442953
255600.0	0.08903225806451613
263400.0	0.08635794743429287
132600.0	0.1725
142200.0	0.16083916083916083
151800.0	0.15065502183406113
161400.0	0.1413934426229508
171000.0	0.13346228239845262
180600.0	0.12637362637362637
190200.0	0.12
199800.0	0.1140495867768595
209400.0	0.10883280757097792
219000.0	0.10391566265060241
228600.0	0.09956709956709957
238200.0	0.0957004160887656
247800.0	0.09187749667110519
257400.0	0.088348271446863
17400.0	0.9622641509433962
265200.0	0.08582089552238806
18600.0	0.9642857142857143
19800.0	0.9333333333333333
21000.0	0.921875
22200.0	0.9411764705882353
23400.0	0.9154929577464789
24600.0	0.8933333333333333
25800.0	0.8717948717948718
27000.0	0.8414634146341463
28200.0	0.8023255813953488
29400.0	0.7752808988764045
30600.0	0.7419354838709677
31800.0	0.71875
34800.0	0.6571428571428571
37200.0	0.6106194690265486
39600.0	0.575
42000.0	0.5433070866141733
44400.0	0.5149253731343284
46800.0	0.4859154929577465
49200.0	0.46308724832214765
51600.0	0.4423076923076923
54000.0	0.42073170731707316
56400.0	0.40350877192982454
58800.0	0.38764044943820225
61200.0	0.372972972972973
63600.0	0.359375
69600.0	0.32701421800947866
267000.0	0.08518518518518518
74400.0	0.30666666666666664
79200.0	0.28870292887029286
84000.0	0.27165354330708663
88800.0	0.2574626865671642
93600.0	0.24381625441696114
98400.0	0.23232323232323232
103200.0	0.22115384615384615
108000.0	0.2116564417177914
112800.0	0.20294117647058824
117600.0	0.19436619718309858
122400.0	0.18699186991869918
127200.0	0.1796875
139200.0	0.16428571428571428
148800.0	0.15367483296213807
158400.0	0.14435146443514643
168000.0	0.13582677165354332
177600.0	0.12849162011173185
187200.0	0.12190812720848057
196800.0	0.11577181208053691
206400.0	0.1104
216000.0	0.10550458715596331
225600.0	0.10102489019033675
235200.0	0.0967741935483871
244800.0	0.09299191374663072
254400.0	0.08949416342412451
131400.0	0.17424242424242425
141000.0	0.1623529411764706
150600.0	0.15164835164835164
160200.0	0.14256198347107438
169800.0	0.13450292397660818
179400.0	0.12730627306273062
189000.0	0.12062937062937062
198600.0	0.11480865224625623
208200.0	0.10935023771790808
217800.0	0.10454545454545454
227400.0	0.10014513788098693
237000.0	0.09610027855153204
246600.0	0.09236947791164658
256200.0	0.0888030888030888
262800.0	0.08657465495608532
264600.0	0.0859277708592777
70200.0	0.32547169811320753
75000.0	0.3039647577092511
79800.0	0.2863070539419087
84600.0	0.26953125
89400.0	0.25555555555555554
94200.0	0.24295774647887325
99000.0	0.23076923076923078
103800.0	0.22044728434504793
108600.0	0.21036585365853658
113400.0	0.20175438596491227
118200.0	0.19327731092436976
123000.0	0.18598382749326145
127800.0	0.17875647668393782
133200.0	0.17164179104477612
142800.0	0.16009280742459397
152400.0	0.15
162000.0	0.1411042944785276
171600.0	0.1329479768786127
181200.0	0.1259124087591241
190800.0	0.1195840554592721
200400.0	0.11367380560131796
210000.0	0.10849056603773585
219600.0	0.1036036036036036
229200.0	0.0994236311239193
238800.0	0.0954356846473029
248400.0	0.09163346613545817
258000.0	0.08812260536398467
266400.0	0.0853960396039604
268200.0	0.08476658476658476
135000.0	0.16953316953316952
144600.0	0.15825688073394495
154200.0	0.148068669527897
163800.0	0.1393939393939394
173400.0	0.1316793893129771
183000.0	0.12477396021699819
192600.0	0.1183533447684391
202200.0	0.11256117455138662
211800.0	0.10747663551401869
221400.0	0.10283159463487332
231000.0	0.09857142857142857
240600.0	0.09465020576131687
250200.0	0.09090909090909091
259800.0	0.08756345177664974
270000.0	0.08424908424908426
34200.0	0.6634615384615384
36600.0	0.6216216216216216
39000.0	0.5847457627118644
41400.0	0.552
43800.0	0.518796992481203
46200.0	0.4928571428571429
48600.0	0.46938775510204084
51000.0	0.44805194805194803
53400.0	0.42592592592592593
55800.0	0.40828402366863903
58200.0	0.39204545454545453
60600.0	0.3770491803278688
63000.0	0.3612565445026178
65400.0	0.3484848484848485
68400.0	0.3333333333333333
271800.0	0.08373786407766991
73200.0	0.31221719457013575
78000.0	0.2923728813559322
82800.0	0.276
87600.0	0.26037735849056604
92400.0	0.24731182795698925
97200.0	0.23469387755102042
102000.0	0.22402597402597402
106800.0	0.21428571428571427
111600.0	0.20474777448071216
116400.0	0.19658119658119658
121200.0	0.18904109589041096
126000.0	0.18157894736842106
130800.0	0.17468354430379746

