Time	LatencyAverage
132000.0	19086.5429
141600.0	19086.5429
151200.0	19086.5429
160800.0	19086.5429
170400.0	19086.5429
180000.0	19086.5429
189600.0	19086.5429
199200.0	19086.5429
208800.0	19086.5429
218400.0	19086.5429
228000.0	19086.5429
237600.0	19086.5429
247200.0	19086.5429
256800.0	19086.5429
264000.0	19086.5429
265800.0	19086.5429
133800.0	19086.5429
143400.0	19086.5429
153000.0	19086.5429
162600.0	19086.5429
172200.0	19086.5429
181800.0	19086.5429
191400.0	19086.5429
201000.0	19086.5429
210600.0	19086.5429
220200.0	19086.5429
229800.0	19086.5429
239400.0	19086.5429
249000.0	19086.5429
258600.0	19086.5429
267600.0	19086.5429
69000.0	9650.2634
269400.0	19086.5429
73800.0	13773.0187
78600.0	17097.1426
83400.0	19086.5429
88200.0	19086.5429
93000.0	19086.5429
97800.0	19086.5429
102600.0	19086.5429
107400.0	19086.5429
112200.0	19086.5429
117000.0	19086.5429
121800.0	19086.5429
126600.0	19086.5429
135600.0	19086.5429
145200.0	19086.5429
600.0	NaN
154800.0	19086.5429
164400.0	19086.5429
174000.0	19086.5429
183600.0	19086.5429
193200.0	19086.5429
202800.0	19086.5429
212400.0	19086.5429
222000.0	19086.5429
231600.0	19086.5429
241200.0	19086.5429
250800.0	19086.5429
260400.0	19086.5429
271200.0	19086.5429
1200.0	NaN
1800.0	NaN
2400.0	NaN
3000.0	NaN
3600.0	NaN
4200.0	NaN
273000.0	19086.5429
4800.0	NaN
5400.0	NaN
6000.0	NaN
6600.0	NaN
7200.0	NaN
7800.0	NaN
8400.0	NaN
137400.0	19086.5429
9000.0	NaN
147000.0	19086.5429
9600.0	NaN
10200.0	NaN
156600.0	19086.5429
166200.0	19086.5429
10800.0	NaN
175800.0	19086.5429
11400.0	NaN
185400.0	19086.5429
12000.0	NaN
195000.0	19086.5429
12600.0	NaN
204600.0	19086.5429
13200.0	NaN
13800.0	NaN
214200.0	19086.5429
223800.0	19086.5429
14400.0	NaN
233400.0	19086.5429
15000.0	NaN
243000.0	19086.5429
15600.0	NaN
252600.0	19086.5429
16200.0	NaN
16800.0	NaN
274800.0	19086.5429
18000.0	NaN
19200.0	NaN
20400.0	NaN
21600.0	11322.7000
22800.0	10180.5500
24000.0	10240.6889
25200.0	9851.3075
26400.0	9650.2634
27600.0	9650.2634
28800.0	9650.2634
30000.0	9650.2634
31200.0	9650.2634
32400.0	9650.2634
33600.0	9650.2634
36000.0	9650.2634
38400.0	9650.2634
40800.0	9650.2634
43200.0	9650.2634
45600.0	9650.2634
48000.0	9650.2634
50400.0	9650.2634
52800.0	9650.2634
55200.0	9650.2634
57600.0	9650.2634
60000.0	9650.2634
62400.0	9650.2634
64800.0	9650.2634
67200.0	9650.2634
72000.0	9650.2634
76800.0	16627.0365
81600.0	19086.5429
86400.0	19086.5429
91200.0	19086.5429
96000.0	19086.5429
100800.0	19086.5429
105600.0	19086.5429
110400.0	19086.5429
115200.0	19086.5429
120000.0	19086.5429
124800.0	19086.5429
129600.0	19086.5429
134400.0	19086.5429
144000.0	19086.5429
153600.0	19086.5429
163200.0	19086.5429
172800.0	19086.5429
182400.0	19086.5429
192000.0	19086.5429
201600.0	19086.5429
211200.0	19086.5429
220800.0	19086.5429
230400.0	19086.5429
240000.0	19086.5429
249600.0	19086.5429
259200.0	19086.5429
268800.0	19086.5429
270600.0	19086.5429
136200.0	19086.5429
145800.0	19086.5429
155400.0	19086.5429
165000.0	19086.5429
174600.0	19086.5429
184200.0	19086.5429
193800.0	19086.5429
203400.0	19086.5429
213000.0	19086.5429
222600.0	19086.5429
232200.0	19086.5429
241800.0	19086.5429
251400.0	19086.5429
261000.0	19086.5429
272400.0	19086.5429
67800.0	9650.2634
274200.0	19086.5429
72600.0	9650.2634
77400.0	17097.1426
82200.0	19086.5429
87000.0	19086.5429
91800.0	19086.5429
96600.0	19086.5429
101400.0	19086.5429
106200.0	19086.5429
111000.0	19086.5429
115800.0	19086.5429
120600.0	19086.5429
125400.0	19086.5429
130200.0	19086.5429
138000.0	19086.5429
147600.0	19086.5429
157200.0	19086.5429
166800.0	19086.5429
176400.0	19086.5429
186000.0	19086.5429
195600.0	19086.5429
205200.0	19086.5429
214800.0	19086.5429
224400.0	19086.5429
234000.0	19086.5429
243600.0	19086.5429
253200.0	19086.5429
139800.0	19086.5429
149400.0	19086.5429
159000.0	19086.5429
168600.0	19086.5429
178200.0	19086.5429
187800.0	19086.5429
197400.0	19086.5429
207000.0	19086.5429
216600.0	19086.5429
226200.0	19086.5429
235800.0	19086.5429
245400.0	19086.5429
255000.0	19086.5429
33000.0	9650.2634
35400.0	9650.2634
37800.0	9650.2634
40200.0	9650.2634
42600.0	9650.2634
45000.0	9650.2634
47400.0	9650.2634
49800.0	9650.2634
52200.0	9650.2634
54600.0	9650.2634
57000.0	9650.2634
59400.0	9650.2634
61800.0	9650.2634
64200.0	9650.2634
66000.0	9650.2634
262200.0	19086.5429
70800.0	9650.2634
75600.0	16627.0365
80400.0	19086.5429
85200.0	19086.5429
90000.0	19086.5429
94800.0	19086.5429
99600.0	19086.5429
104400.0	19086.5429
109200.0	19086.5429
114000.0	19086.5429
118800.0	19086.5429
123600.0	19086.5429
128400.0	19086.5429
136800.0	19086.5429
146400.0	19086.5429
156000.0	19086.5429
165600.0	19086.5429
175200.0	19086.5429
184800.0	19086.5429
194400.0	19086.5429
204000.0	19086.5429
213600.0	19086.5429
223200.0	19086.5429
232800.0	19086.5429
242400.0	19086.5429
252000.0	19086.5429
261600.0	19086.5429
273600.0	19086.5429
138600.0	19086.5429
148200.0	19086.5429
157800.0	19086.5429
167400.0	19086.5429
177000.0	19086.5429
186600.0	19086.5429
196200.0	19086.5429
205800.0	19086.5429
215400.0	19086.5429
225000.0	19086.5429
234600.0	19086.5429
244200.0	19086.5429
253800.0	19086.5429
66600.0	9650.2634
71400.0	9650.2634
76200.0	16627.0365
81000.0	19086.5429
85800.0	19086.5429
90600.0	19086.5429
95400.0	19086.5429
100200.0	19086.5429
105000.0	19086.5429
109800.0	19086.5429
114600.0	19086.5429
119400.0	19086.5429
124200.0	19086.5429
129000.0	19086.5429
140400.0	19086.5429
150000.0	19086.5429
159600.0	19086.5429
169200.0	19086.5429
178800.0	19086.5429
188400.0	19086.5429
198000.0	19086.5429
207600.0	19086.5429
217200.0	19086.5429
226800.0	19086.5429
236400.0	19086.5429
246000.0	19086.5429
255600.0	19086.5429
263400.0	19086.5429
132600.0	19086.5429
142200.0	19086.5429
151800.0	19086.5429
161400.0	19086.5429
171000.0	19086.5429
180600.0	19086.5429
190200.0	19086.5429
199800.0	19086.5429
209400.0	19086.5429
219000.0	19086.5429
228600.0	19086.5429
238200.0	19086.5429
247800.0	19086.5429
257400.0	19086.5429
17400.0	NaN
265200.0	19086.5429
18600.0	NaN
19800.0	NaN
21000.0	5281.9000
22200.0	10382.8333
23400.0	10142.3576
24600.0	10278.0263
25800.0	9851.3075
27000.0	9650.2634
28200.0	9650.2634
29400.0	9650.2634
30600.0	9650.2634
31800.0	9650.2634
34800.0	9650.2634
37200.0	9650.2634
39600.0	9650.2634
42000.0	9650.2634
44400.0	9650.2634
46800.0	9650.2634
49200.0	9650.2634
51600.0	9650.2634
54000.0	9650.2634
56400.0	9650.2634
58800.0	9650.2634
61200.0	9650.2634
63600.0	9650.2634
69600.0	9650.2634
267000.0	19086.5429
74400.0	15321.9300
79200.0	18173.1982
84000.0	19086.5429
88800.0	19086.5429
93600.0	19086.5429
98400.0	19086.5429
103200.0	19086.5429
108000.0	19086.5429
112800.0	19086.5429
117600.0	19086.5429
122400.0	19086.5429
127200.0	19086.5429
139200.0	19086.5429
148800.0	19086.5429
158400.0	19086.5429
168000.0	19086.5429
177600.0	19086.5429
187200.0	19086.5429
196800.0	19086.5429
206400.0	19086.5429
216000.0	19086.5429
225600.0	19086.5429
235200.0	19086.5429
244800.0	19086.5429
254400.0	19086.5429
131400.0	19086.5429
141000.0	19086.5429
150600.0	19086.5429
160200.0	19086.5429
169800.0	19086.5429
179400.0	19086.5429
189000.0	19086.5429
198600.0	19086.5429
208200.0	19086.5429
217800.0	19086.5429
227400.0	19086.5429
237000.0	19086.5429
246600.0	19086.5429
256200.0	19086.5429
262800.0	19086.5429
264600.0	19086.5429
70200.0	9650.2634
75000.0	16627.0365
79800.0	19086.5429
84600.0	19086.5429
89400.0	19086.5429
94200.0	19086.5429
99000.0	19086.5429
103800.0	19086.5429
108600.0	19086.5429
113400.0	19086.5429
118200.0	19086.5429
123000.0	19086.5429
127800.0	19086.5429
133200.0	19086.5429
142800.0	19086.5429
152400.0	19086.5429
162000.0	19086.5429
171600.0	19086.5429
181200.0	19086.5429
190800.0	19086.5429
200400.0	19086.5429
210000.0	19086.5429
219600.0	19086.5429
229200.0	19086.5429
238800.0	19086.5429
248400.0	19086.5429
258000.0	19086.5429
266400.0	19086.5429
268200.0	19086.5429
135000.0	19086.5429
144600.0	19086.5429
154200.0	19086.5429
163800.0	19086.5429
173400.0	19086.5429
183000.0	19086.5429
192600.0	19086.5429
202200.0	19086.5429
211800.0	19086.5429
221400.0	19086.5429
231000.0	19086.5429
240600.0	19086.5429
250200.0	19086.5429
259800.0	19086.5429
270000.0	19086.5429
34200.0	9650.2634
36600.0	9650.2634
39000.0	9650.2634
41400.0	9650.2634
43800.0	9650.2634
46200.0	9650.2634
48600.0	9650.2634
51000.0	9650.2634
53400.0	9650.2634
55800.0	9650.2634
58200.0	9650.2634
60600.0	9650.2634
63000.0	9650.2634
65400.0	9650.2634
68400.0	9650.2634
271800.0	19086.5429
73200.0	9650.2634
78000.0	17097.1426
82800.0	19086.5429
87600.0	19086.5429
92400.0	19086.5429
97200.0	19086.5429
102000.0	19086.5429
106800.0	19086.5429
111600.0	19086.5429
116400.0	19086.5429
121200.0	19086.5429
126000.0	19086.5429
130800.0	19086.5429

