Time	LatencyAverage
132000.0	486.7681
141600.0	486.7681
151200.0	486.7681
160800.0	486.7681
170400.0	486.7681
180000.0	486.7681
189600.0	486.7681
199200.0	486.7681
208800.0	486.7681
218400.0	486.7681
228000.0	486.7681
237600.0	486.7681
247200.0	486.7681
256800.0	486.7681
264000.0	486.7681
265800.0	486.7681
133800.0	486.7681
143400.0	486.7681
153000.0	486.7681
162600.0	486.7681
172200.0	486.7681
181800.0	486.7681
191400.0	486.7681
201000.0	486.7681
210600.0	486.7681
220200.0	486.7681
229800.0	486.7681
239400.0	486.7681
249000.0	486.7681
258600.0	486.7681
267600.0	486.7681
69000.0	486.7681
269400.0	486.7681
73800.0	486.7681
78600.0	486.7681
83400.0	486.7681
88200.0	486.7681
93000.0	486.7681
97800.0	486.7681
102600.0	486.7681
107400.0	486.7681
112200.0	486.7681
117000.0	486.7681
121800.0	486.7681
126600.0	486.7681
135600.0	486.7681
145200.0	486.7681
600.0	197.4000
154800.0	486.7681
164400.0	486.7681
174000.0	486.7681
183600.0	486.7681
193200.0	486.7681
202800.0	486.7681
212400.0	486.7681
222000.0	486.7681
231600.0	486.7681
241200.0	486.7681
250800.0	486.7681
260400.0	486.7681
271200.0	486.7681
1200.0	93.9667
1800.0	145.1000
2400.0	140.8833
3000.0	154.7667
3600.0	156.1000
4200.0	179.9333
273000.0	486.7681
4800.0	172.3929
5400.0	170.9000
6000.0	189.4647
6600.0	183.9474
7200.0	169.5909
7800.0	173.4609
8400.0	167.4520
137400.0	486.7681
9000.0	166.2593
147000.0	486.7681
9600.0	164.2138
10200.0	161.1267
156600.0	486.7681
166200.0	486.7681
10800.0	159.4031
175800.0	486.7681
11400.0	158.8029
185400.0	486.7681
12000.0	164.5917
195000.0	486.7681
12600.0	161.1000
204600.0	486.7681
13200.0	163.2872
13800.0	171.6610
214200.0	486.7681
223800.0	486.7681
14400.0	171.8857
233400.0	486.7681
15000.0	186.8279
243000.0	486.7681
15600.0	220.9152
252600.0	486.7681
16200.0	230.3958
16800.0	234.1061
274800.0	486.7681
18000.0	262.6154
19200.0	293.0019
20400.0	320.3089
21600.0	351.1883
22800.0	401.8092
24000.0	419.4864
25200.0	440.5552
26400.0	486.7681
27600.0	486.7681
28800.0	486.7681
30000.0	486.7681
31200.0	486.7681
32400.0	486.7681
33600.0	486.7681
36000.0	486.7681
38400.0	486.7681
40800.0	486.7681
43200.0	486.7681
45600.0	486.7681
48000.0	486.7681
50400.0	486.7681
52800.0	486.7681
55200.0	486.7681
57600.0	486.7681
60000.0	486.7681
62400.0	486.7681
64800.0	486.7681
67200.0	486.7681
72000.0	486.7681
76800.0	486.7681
81600.0	486.7681
86400.0	486.7681
91200.0	486.7681
96000.0	486.7681
100800.0	486.7681
105600.0	486.7681
110400.0	486.7681
115200.0	486.7681
120000.0	486.7681
124800.0	486.7681
129600.0	486.7681
134400.0	486.7681
144000.0	486.7681
153600.0	486.7681
163200.0	486.7681
172800.0	486.7681
182400.0	486.7681
192000.0	486.7681
201600.0	486.7681
211200.0	486.7681
220800.0	486.7681
230400.0	486.7681
240000.0	486.7681
249600.0	486.7681
259200.0	486.7681
268800.0	486.7681
270600.0	486.7681
136200.0	486.7681
145800.0	486.7681
155400.0	486.7681
165000.0	486.7681
174600.0	486.7681
184200.0	486.7681
193800.0	486.7681
203400.0	486.7681
213000.0	486.7681
222600.0	486.7681
232200.0	486.7681
241800.0	486.7681
251400.0	486.7681
261000.0	486.7681
272400.0	486.7681
67800.0	486.7681
274200.0	486.7681
72600.0	486.7681
77400.0	486.7681
82200.0	486.7681
87000.0	486.7681
91800.0	486.7681
96600.0	486.7681
101400.0	486.7681
106200.0	486.7681
111000.0	486.7681
115800.0	486.7681
120600.0	486.7681
125400.0	486.7681
130200.0	486.7681
138000.0	486.7681
147600.0	486.7681
157200.0	486.7681
166800.0	486.7681
176400.0	486.7681
186000.0	486.7681
195600.0	486.7681
205200.0	486.7681
214800.0	486.7681
224400.0	486.7681
234000.0	486.7681
243600.0	486.7681
253200.0	486.7681
139800.0	486.7681
149400.0	486.7681
159000.0	486.7681
168600.0	486.7681
178200.0	486.7681
187800.0	486.7681
197400.0	486.7681
207000.0	486.7681
216600.0	486.7681
226200.0	486.7681
235800.0	486.7681
245400.0	486.7681
255000.0	486.7681
33000.0	486.7681
35400.0	486.7681
37800.0	486.7681
40200.0	486.7681
42600.0	486.7681
45000.0	486.7681
47400.0	486.7681
49800.0	486.7681
52200.0	486.7681
54600.0	486.7681
57000.0	486.7681
59400.0	486.7681
61800.0	486.7681
64200.0	486.7681
66000.0	486.7681
262200.0	486.7681
70800.0	486.7681
75600.0	486.7681
80400.0	486.7681
85200.0	486.7681
90000.0	486.7681
94800.0	486.7681
99600.0	486.7681
104400.0	486.7681
109200.0	486.7681
114000.0	486.7681
118800.0	486.7681
123600.0	486.7681
128400.0	486.7681
136800.0	486.7681
146400.0	486.7681
156000.0	486.7681
165600.0	486.7681
175200.0	486.7681
184800.0	486.7681
194400.0	486.7681
204000.0	486.7681
213600.0	486.7681
223200.0	486.7681
232800.0	486.7681
242400.0	486.7681
252000.0	486.7681
261600.0	486.7681
273600.0	486.7681
138600.0	486.7681
148200.0	486.7681
157800.0	486.7681
167400.0	486.7681
177000.0	486.7681
186600.0	486.7681
196200.0	486.7681
205800.0	486.7681
215400.0	486.7681
225000.0	486.7681
234600.0	486.7681
244200.0	486.7681
253800.0	486.7681
66600.0	486.7681
71400.0	486.7681
76200.0	486.7681
81000.0	486.7681
85800.0	486.7681
90600.0	486.7681
95400.0	486.7681
100200.0	486.7681
105000.0	486.7681
109800.0	486.7681
114600.0	486.7681
119400.0	486.7681
124200.0	486.7681
129000.0	486.7681
140400.0	486.7681
150000.0	486.7681
159600.0	486.7681
169200.0	486.7681
178800.0	486.7681
188400.0	486.7681
198000.0	486.7681
207600.0	486.7681
217200.0	486.7681
226800.0	486.7681
236400.0	486.7681
246000.0	486.7681
255600.0	486.7681
263400.0	486.7681
132600.0	486.7681
142200.0	486.7681
151800.0	486.7681
161400.0	486.7681
171000.0	486.7681
180600.0	486.7681
190200.0	486.7681
199800.0	486.7681
209400.0	486.7681
219000.0	486.7681
228600.0	486.7681
238200.0	486.7681
247800.0	486.7681
257400.0	486.7681
17400.0	253.7608
265200.0	486.7681
18600.0	293.0019
19800.0	320.3089
21000.0	356.0864
22200.0	407.9188
23400.0	401.8092
24600.0	440.5552
25800.0	458.3559
27000.0	486.7681
28200.0	486.7681
29400.0	486.7681
30600.0	486.7681
31800.0	486.7681
34800.0	486.7681
37200.0	486.7681
39600.0	486.7681
42000.0	486.7681
44400.0	486.7681
46800.0	486.7681
49200.0	486.7681
51600.0	486.7681
54000.0	486.7681
56400.0	486.7681
58800.0	486.7681
61200.0	486.7681
63600.0	486.7681
69600.0	486.7681
267000.0	486.7681
74400.0	486.7681
79200.0	486.7681
84000.0	486.7681
88800.0	486.7681
93600.0	486.7681
98400.0	486.7681
103200.0	486.7681
108000.0	486.7681
112800.0	486.7681
117600.0	486.7681
122400.0	486.7681
127200.0	486.7681
139200.0	486.7681
148800.0	486.7681
158400.0	486.7681
168000.0	486.7681
177600.0	486.7681
187200.0	486.7681
196800.0	486.7681
206400.0	486.7681
216000.0	486.7681
225600.0	486.7681
235200.0	486.7681
244800.0	486.7681
254400.0	486.7681
131400.0	486.7681
141000.0	486.7681
150600.0	486.7681
160200.0	486.7681
169800.0	486.7681
179400.0	486.7681
189000.0	486.7681
198600.0	486.7681
208200.0	486.7681
217800.0	486.7681
227400.0	486.7681
237000.0	486.7681
246600.0	486.7681
256200.0	486.7681
262800.0	486.7681
264600.0	486.7681
70200.0	486.7681
75000.0	486.7681
79800.0	486.7681
84600.0	486.7681
89400.0	486.7681
94200.0	486.7681
99000.0	486.7681
103800.0	486.7681
108600.0	486.7681
113400.0	486.7681
118200.0	486.7681
123000.0	486.7681
127800.0	486.7681
133200.0	486.7681
142800.0	486.7681
152400.0	486.7681
162000.0	486.7681
171600.0	486.7681
181200.0	486.7681
190800.0	486.7681
200400.0	486.7681
210000.0	486.7681
219600.0	486.7681
229200.0	486.7681
238800.0	486.7681
248400.0	486.7681
258000.0	486.7681
266400.0	486.7681
268200.0	486.7681
135000.0	486.7681
144600.0	486.7681
154200.0	486.7681
163800.0	486.7681
173400.0	486.7681
183000.0	486.7681
192600.0	486.7681
202200.0	486.7681
211800.0	486.7681
221400.0	486.7681
231000.0	486.7681
240600.0	486.7681
250200.0	486.7681
259800.0	486.7681
270000.0	486.7681
34200.0	486.7681
36600.0	486.7681
39000.0	486.7681
41400.0	486.7681
43800.0	486.7681
46200.0	486.7681
48600.0	486.7681
51000.0	486.7681
53400.0	486.7681
55800.0	486.7681
58200.0	486.7681
60600.0	486.7681
63000.0	486.7681
65400.0	486.7681
68400.0	486.7681
271800.0	486.7681
73200.0	486.7681
78000.0	486.7681
82800.0	486.7681
87600.0	486.7681
92400.0	486.7681
97200.0	486.7681
102000.0	486.7681
106800.0	486.7681
111600.0	486.7681
116400.0	486.7681
121200.0	486.7681
126000.0	486.7681
130800.0	486.7681

