Time	ProbabilityMessageDelivered
132000.0	0.13316582914572864
141600.0	0.12412177985948478
151200.0	0.1162280701754386
160800.0	0.10905349794238683
170400.0	0.1029126213592233
180000.0	0.0974264705882353
189600.0	0.0924956369982548
199200.0	0.087893864013267
208800.0	0.08372827804107424
218400.0	0.08006042296072508
228000.0	0.07670043415340087
237600.0	0.07361111111111111
247200.0	0.07076101468624833
256800.0	0.06803594351732992
264000.0	0.066167290886392
265800.0	0.06575682382133995
133800.0	0.1311881188118812
143400.0	0.12240184757505773
153000.0	0.11471861471861472
162600.0	0.1079429735234216
172200.0	0.1017274472168906
181800.0	0.09636363636363636
191400.0	0.09153713298791019
201000.0	0.08702791461412152
210600.0	0.08307210031347963
220200.0	0.07946026986506746
229800.0	0.07614942528735633
239400.0	0.07310344827586207
249000.0	0.07019867549668875
258600.0	0.06760204081632654
267600.0	0.06527093596059114
69000.0	0.2535885167464115
269400.0	0.06487148102815178
73800.0	0.23766816143497757
78600.0	0.22268907563025211
83400.0	0.21031746031746032
88200.0	0.19924812030075187
93000.0	0.18861209964412812
97800.0	0.17966101694915254
102600.0	0.17096774193548386
107400.0	0.16358024691358025
112200.0	0.15634218289085547
117000.0	0.1501416430594901
121800.0	0.1444141689373297
126600.0	0.1387434554973822
135600.0	0.1295843520782396
145200.0	0.12100456621004566
600.0	1.0
154800.0	0.11349036402569593
164400.0	0.10663983903420524
174000.0	0.10076045627376426
183600.0	0.09549549549549549
193200.0	0.0905982905982906
202800.0	0.08631921824104234
212400.0	0.08242612752721618
222000.0	0.0787518573551263
231600.0	0.0754985754985755
241200.0	0.07250341997264022
250800.0	0.06973684210526315
260400.0	0.0670886075949367
271200.0	0.06439854191980558
1200.0	1.0
1800.0	1.0
2400.0	0.8571428571428571
3000.0	1.0
3600.0	0.9090909090909091
4200.0	0.9230769230769231
273000.0	0.0640096618357488
4800.0	1.0
5400.0	0.9375
6000.0	0.9444444444444444
6600.0	0.95
7200.0	1.0
7800.0	0.9583333333333334
8400.0	1.0
137400.0	0.1280193236714976
9000.0	1.0
147000.0	0.11936936936936937
9600.0	1.0
10200.0	0.967741935483871
156600.0	0.11205073995771671
166200.0	0.10557768924302789
10800.0	0.9696969696969697
175800.0	0.09981167608286252
11400.0	1.0
185400.0	0.09464285714285714
12000.0	1.0
195000.0	0.08983050847457627
12600.0	1.0
204600.0	0.08548387096774193
13200.0	0.975
13800.0	0.9761904761904762
214200.0	0.08166409861325115
223800.0	0.07817109144542773
14400.0	0.9545454545454546
233400.0	0.07496463932107496
15000.0	0.9555555555555556
243000.0	0.07201086956521739
15600.0	0.9787234042553191
252600.0	0.06919060052219321
16200.0	0.9795918367346939
16800.0	0.9607843137254902
274800.0	0.06362545018007203
18000.0	0.9454545454545454
19200.0	0.9137931034482759
20400.0	0.8548387096774194
21600.0	0.803030303030303
22800.0	0.7681159420289855
24000.0	0.726027397260274
25200.0	0.6973684210526315
26400.0	0.6625
27600.0	0.6309523809523809
28800.0	0.6091954022988506
30000.0	0.5824175824175825
31200.0	0.5638297872340425
32400.0	0.5408163265306123
33600.0	0.5196078431372549
36000.0	0.48623853211009177
38400.0	0.45689655172413796
40800.0	0.4274193548387097
43200.0	0.40458015267175573
45600.0	0.38405797101449274
48000.0	0.36551724137931035
50400.0	0.3464052287581699
52800.0	0.33125
55200.0	0.31736526946107785
57600.0	0.3045977011494253
60000.0	0.292817679558011
62400.0	0.2804232804232804
64800.0	0.27040816326530615
67200.0	0.26108374384236455
72000.0	0.24311926605504589
76800.0	0.22844827586206898
81600.0	0.2145748987854251
86400.0	0.20306513409961685
91200.0	0.19202898550724637
96000.0	0.18275862068965518
100800.0	0.17434210526315788
105600.0	0.16614420062695925
110400.0	0.15915915915915915
115200.0	0.15229885057471265
120000.0	0.1464088397790055
124800.0	0.14058355437665782
129600.0	0.13554987212276215
134400.0	0.1308641975308642
144000.0	0.12211981566820276
153600.0	0.11422413793103449
163200.0	0.1075050709939148
172800.0	0.10153256704980843
182400.0	0.09618874773139746
192000.0	0.09122203098106713
201600.0	0.0867430441898527
211200.0	0.0828125
220800.0	0.07922272047832586
230400.0	0.07593123209169055
240000.0	0.07290233837689133
249600.0	0.07001321003963012
259200.0	0.06743002544529263
268800.0	0.06503067484662577
270600.0	0.06455542021924482
136200.0	0.12895377128953772
145800.0	0.12045454545454545
155400.0	0.11300639658848614
165000.0	0.1062124248496994
174600.0	0.10037878787878787
184200.0	0.09515260323159784
193800.0	0.09028960817717206
203400.0	0.08603896103896104
213000.0	0.08217054263565891
222600.0	0.07863501483679525
232200.0	0.07539118065433854
241800.0	0.0723055934515689
251400.0	0.06955380577427822
261000.0	0.06691919191919192
272400.0	0.06416464891041163
67800.0	0.25853658536585367
274200.0	0.06370192307692307
72600.0	0.2420091324200913
77400.0	0.2264957264957265
82200.0	0.21370967741935484
87000.0	0.20152091254752852
91800.0	0.19133574007220217
96600.0	0.1815068493150685
101400.0	0.17320261437908496
106200.0	0.16510903426791276
111000.0	0.1582089552238806
115800.0	0.1518624641833811
120600.0	0.14560439560439561
125400.0	0.1402116402116402
130200.0	0.13486005089058525
138000.0	0.12740384615384615
147600.0	0.11910112359550562
157200.0	0.11157894736842106
166800.0	0.10515873015873016
176400.0	0.09943714821763602
186000.0	0.09430604982206406
195600.0	0.08952702702702703
205200.0	0.08520900321543408
214800.0	0.08141321044546851
224400.0	0.07794117647058824
234000.0	0.07475317348377997
243600.0	0.07181571815718157
253200.0	0.06901041666666667
139800.0	0.12559241706161137
149400.0	0.11751662971175167
159000.0	0.11041666666666666
168600.0	0.10392156862745099
178200.0	0.09833024118738404
187800.0	0.09330985915492958
197400.0	0.08862876254180602
207000.0	0.08452950558213716
216600.0	0.08079268292682927
226200.0	0.07737226277372262
235800.0	0.07412587412587412
245400.0	0.07123655913978495
255000.0	0.0685640362225097
33000.0	0.53
35400.0	0.4953271028037383
37800.0	0.4649122807017544
40200.0	0.4344262295081967
42600.0	0.4108527131782946
45000.0	0.3897058823529412
47400.0	0.3680555555555556
49800.0	0.3509933774834437
52200.0	0.33544303797468356
54600.0	0.3212121212121212
57000.0	0.3063583815028902
59400.0	0.29444444444444445
61800.0	0.28342245989304815
64200.0	0.27319587628865977
66000.0	0.265
262200.0	0.06666666666666667
70800.0	0.24766355140186916
75600.0	0.2314410480349345
80400.0	0.21810699588477367
85200.0	0.20622568093385213
90000.0	0.1948529411764706
94800.0	0.1853146853146853
99600.0	0.1760797342192691
104400.0	0.16825396825396827
109200.0	0.1606060606060606
114000.0	0.15406976744186046
118800.0	0.14804469273743018
123600.0	0.14209115281501342
128400.0	0.13695090439276486
136800.0	0.12832929782082325
146400.0	0.11990950226244344
156000.0	0.11252653927813164
165600.0	0.106
175200.0	0.1
184800.0	0.09481216457960644
194400.0	0.0899830220713073
204000.0	0.08576051779935275
213600.0	0.08191653786707882
223200.0	0.07840236686390532
232800.0	0.075177304964539
242400.0	0.07210884353741497
252000.0	0.0693717277486911
261600.0	0.06675062972292191
273600.0	0.06385542168674699
138600.0	0.12679425837320574
148200.0	0.1185682326621924
157800.0	0.1111111111111111
167400.0	0.10474308300395258
177000.0	0.09906542056074766
186600.0	0.09397163120567376
196200.0	0.08922558922558922
205800.0	0.08507223113964688
215400.0	0.08116385911179173
225000.0	0.07771260997067449
234600.0	0.07454289732770746
244200.0	0.07162162162162163
253800.0	0.06883116883116883
66600.0	0.263681592039801
71400.0	0.24537037037037038
76200.0	0.23043478260869565
81000.0	0.2163265306122449
85800.0	0.20463320463320464
90600.0	0.19343065693430658
95400.0	0.1840277777777778
100200.0	0.17491749174917492
105000.0	0.167192429022082
109800.0	0.16012084592145015
114600.0	0.1531791907514451
119400.0	0.14722222222222223
124200.0	0.14133333333333334
129000.0	0.13624678663239073
140400.0	0.125
150000.0	0.11699779249448124
159600.0	0.10995850622406639
169200.0	0.10371819960861056
178800.0	0.09796672828096119
188400.0	0.09298245614035087
198000.0	0.08833333333333333
207600.0	0.08426073131955485
217200.0	0.08054711246200608
226800.0	0.07714701601164484
236400.0	0.07402234636871509
246000.0	0.07114093959731543
255600.0	0.06838709677419355
263400.0	0.06633291614518148
132600.0	0.1325
142200.0	0.12354312354312354
151800.0	0.11572052401746726
161400.0	0.10860655737704918
171000.0	0.10251450676982592
180600.0	0.09706959706959707
190200.0	0.09217391304347826
199800.0	0.08760330578512397
209400.0	0.083596214511041
219000.0	0.07981927710843373
228600.0	0.07647907647907648
238200.0	0.07350901525658807
247800.0	0.07057256990679095
257400.0	0.0678617157490397
17400.0	0.9622641509433962
265200.0	0.06592039800995025
18600.0	0.9464285714285714
19800.0	0.8833333333333333
21000.0	0.828125
22200.0	0.7794117647058824
23400.0	0.7464788732394366
24600.0	0.7066666666666667
25800.0	0.6794871794871795
27000.0	0.6463414634146342
28200.0	0.6162790697674418
29400.0	0.5955056179775281
30600.0	0.5698924731182796
31800.0	0.5520833333333334
34800.0	0.5047619047619047
37200.0	0.4690265486725664
39600.0	0.44166666666666665
42000.0	0.41732283464566927
44400.0	0.39552238805970147
46800.0	0.3732394366197183
49200.0	0.35570469798657717
51600.0	0.33974358974358976
54000.0	0.3231707317073171
56400.0	0.30994152046783624
58800.0	0.29775280898876405
61200.0	0.2864864864864865
63600.0	0.2760416666666667
69600.0	0.25118483412322273
267000.0	0.0654320987654321
74400.0	0.23555555555555555
79200.0	0.2217573221757322
84000.0	0.20866141732283464
88800.0	0.19776119402985073
93600.0	0.1872791519434629
98400.0	0.17845117845117844
103200.0	0.16987179487179488
108000.0	0.16257668711656442
112800.0	0.15588235294117647
117600.0	0.14929577464788732
122400.0	0.14363143631436315
127200.0	0.13802083333333334
139200.0	0.1261904761904762
148800.0	0.11804008908685969
158400.0	0.1108786610878661
168000.0	0.10433070866141732
177600.0	0.09869646182495345
187200.0	0.09363957597173145
196800.0	0.08892617449664429
206400.0	0.0848
216000.0	0.08103975535168195
225600.0	0.07759882869692533
235200.0	0.07433380084151472
244800.0	0.07142857142857142
254400.0	0.06874189364461739
131400.0	0.13383838383838384
141000.0	0.12470588235294118
150600.0	0.11648351648351649
160200.0	0.10950413223140495
169800.0	0.10331384015594541
179400.0	0.09778597785977859
189000.0	0.09265734265734266
198600.0	0.08818635607321132
208200.0	0.08399366085578447
217800.0	0.0803030303030303
227400.0	0.07692307692307693
237000.0	0.07381615598885793
246600.0	0.07095046854082998
256200.0	0.0682110682110682
262800.0	0.06649937264742785
264600.0	0.0660024906600249
70200.0	0.25
75000.0	0.23348017621145375
79800.0	0.21991701244813278
84600.0	0.20703125
89400.0	0.1962962962962963
94200.0	0.18661971830985916
99000.0	0.17725752508361203
103800.0	0.16932907348242812
108600.0	0.16158536585365854
113400.0	0.15497076023391812
118200.0	0.1484593837535014
123000.0	0.14285714285714285
127800.0	0.13730569948186527
133200.0	0.1318407960199005
142800.0	0.12296983758700696
152400.0	0.11521739130434783
162000.0	0.1083844580777096
171600.0	0.10211946050096339
181200.0	0.09671532846715329
190800.0	0.09185441941074524
200400.0	0.08731466227347612
210000.0	0.08333333333333333
219600.0	0.07957957957957958
229200.0	0.07636887608069164
238800.0	0.07330567081604426
248400.0	0.0703851261620186
258000.0	0.06768837803320563
266400.0	0.0655940594059406
268200.0	0.06511056511056511
135000.0	0.13022113022113022
144600.0	0.12155963302752294
154200.0	0.11373390557939914
163800.0	0.10707070707070707
173400.0	0.10114503816793893
183000.0	0.09584086799276673
192600.0	0.09090909090909091
202200.0	0.0864600326264274
211800.0	0.08255451713395638
221400.0	0.07898658718330849
231000.0	0.07571428571428572
240600.0	0.07270233196159122
250200.0	0.06982872200263504
259800.0	0.06725888324873096
270000.0	0.06471306471306472
34200.0	0.5096153846153846
36600.0	0.4774774774774775
39000.0	0.4491525423728814
41400.0	0.424
43800.0	0.39849624060150374
46200.0	0.37857142857142856
48600.0	0.36054421768707484
51000.0	0.34415584415584416
53400.0	0.3271604938271605
55800.0	0.3136094674556213
58200.0	0.30113636363636365
60600.0	0.2896174863387978
63000.0	0.2774869109947644
65400.0	0.2676767676767677
68400.0	0.2560386473429952
271800.0	0.06432038834951456
73200.0	0.2398190045248869
78000.0	0.2245762711864407
82800.0	0.212
87600.0	0.2
92400.0	0.18996415770609318
97200.0	0.18027210884353742
102000.0	0.17207792207792208
106800.0	0.16459627329192547
111600.0	0.1572700296735905
116400.0	0.150997150997151
121200.0	0.14520547945205478
126000.0	0.1394736842105263
130800.0	0.1341772151898734

