Time	ProbabilityMessageDelivered
132000.0	0.1507537688442211
141600.0	0.1405152224824356
151200.0	0.13157894736842105
160800.0	0.12345679012345678
170400.0	0.11650485436893204
180000.0	0.11029411764705882
189600.0	0.10471204188481675
199200.0	0.09950248756218906
208800.0	0.0947867298578199
218400.0	0.09063444108761329
228000.0	0.08683068017366136
237600.0	0.08333333333333333
247200.0	0.0801068090787717
256800.0	0.07702182284980745
264000.0	0.0749063670411985
265800.0	0.07444168734491315
133800.0	0.1485148514851485
143400.0	0.13856812933025403
153000.0	0.12987012987012986
162600.0	0.12219959266802444
172200.0	0.11516314779270634
181800.0	0.10909090909090909
191400.0	0.10362694300518134
201000.0	0.09852216748768473
210600.0	0.09404388714733543
220200.0	0.08995502248875563
229800.0	0.08620689655172414
239400.0	0.08275862068965517
249000.0	0.07947019867549669
258600.0	0.07653061224489796
267600.0	0.07389162561576355
69000.0	0.22488038277511962
269400.0	0.07343941248470012
73800.0	0.23318385650224216
78600.0	0.24789915966386555
83400.0	0.23412698412698413
88200.0	0.22180451127819548
93000.0	0.21352313167259787
97800.0	0.2033898305084746
102600.0	0.1935483870967742
107400.0	0.18518518518518517
112200.0	0.17699115044247787
117000.0	0.16997167138810199
121800.0	0.16348773841961853
126600.0	0.15706806282722513
135600.0	0.1466992665036675
145200.0	0.136986301369863
600.0	0.0
154800.0	0.1284796573875803
164400.0	0.12072434607645875
174000.0	0.11406844106463879
183600.0	0.10810810810810811
193200.0	0.10256410256410256
202800.0	0.09771986970684039
212400.0	0.09331259720062209
222000.0	0.08915304606240713
231600.0	0.08547008547008547
241200.0	0.08207934336525308
250800.0	0.07894736842105263
260400.0	0.0759493670886076
271200.0	0.07290400972053462
1200.0	0.0
1800.0	0.0
2400.0	0.0
3000.0	0.0
3600.0	0.0
4200.0	0.0
273000.0	0.07246376811594203
4800.0	0.0
5400.0	0.0
6000.0	0.0
6600.0	0.0
7200.0	0.0
7800.0	0.0
8400.0	0.0
137400.0	0.14492753623188406
9000.0	0.0
147000.0	0.13513513513513514
9600.0	0.0
10200.0	0.0
156600.0	0.12684989429175475
166200.0	0.11952191235059761
10800.0	0.0
175800.0	0.11299435028248588
11400.0	0.0
185400.0	0.10714285714285714
12000.0	0.0
195000.0	0.1016949152542373
12600.0	0.0
204600.0	0.0967741935483871
13200.0	0.0
13800.0	0.0
214200.0	0.09244992295839753
223800.0	0.08849557522123894
14400.0	0.0
233400.0	0.08486562942008487
15000.0	0.0
243000.0	0.08152173913043478
15600.0	0.0
252600.0	0.0783289817232376
16200.0	0.0
16800.0	0.0
274800.0	0.07202881152460984
18000.0	0.0
19200.0	0.0
20400.0	0.0
21600.0	0.21212121212121213
22800.0	0.463768115942029
24000.0	0.4657534246575342
25200.0	0.5789473684210527
26400.0	0.5625
27600.0	0.5357142857142857
28800.0	0.5172413793103449
30000.0	0.4945054945054945
31200.0	0.4787234042553192
32400.0	0.45918367346938777
33600.0	0.4411764705882353
36000.0	0.41284403669724773
38400.0	0.3879310344827586
40800.0	0.3709677419354839
43200.0	0.3511450381679389
45600.0	0.3333333333333333
48000.0	0.31724137931034485
50400.0	0.30718954248366015
52800.0	0.29375
55200.0	0.281437125748503
57600.0	0.27011494252873564
60000.0	0.2596685082872928
62400.0	0.24867724867724866
64800.0	0.23979591836734693
67200.0	0.2315270935960591
72000.0	0.21559633027522937
76800.0	0.23706896551724138
81600.0	0.2388663967611336
86400.0	0.2260536398467433
91200.0	0.213768115942029
96000.0	0.20689655172413793
100800.0	0.19736842105263158
105600.0	0.18808777429467086
110400.0	0.18018018018018017
115200.0	0.1724137931034483
120000.0	0.16574585635359115
124800.0	0.15915119363395225
129600.0	0.1534526854219949
134400.0	0.14814814814814814
144000.0	0.1382488479262673
153600.0	0.12931034482758622
163200.0	0.12170385395537525
172800.0	0.11494252873563218
182400.0	0.1088929219600726
192000.0	0.10327022375215146
201600.0	0.09819967266775777
211200.0	0.09375
220800.0	0.08968609865470852
230400.0	0.08595988538681948
240000.0	0.08253094910591471
249600.0	0.07926023778071334
259200.0	0.07633587786259542
268800.0	0.0736196319018405
270600.0	0.0730816077953715
136200.0	0.145985401459854
145800.0	0.13636363636363635
155400.0	0.1279317697228145
165000.0	0.12024048096192384
174600.0	0.11363636363636363
184200.0	0.10771992818671454
193800.0	0.10221465076660988
203400.0	0.09740259740259741
213000.0	0.09302325581395349
222600.0	0.08902077151335312
232200.0	0.08534850640113797
241800.0	0.08185538881309687
251400.0	0.07874015748031496
261000.0	0.07575757575757576
272400.0	0.07263922518159806
67800.0	0.22926829268292684
274200.0	0.07211538461538461
72600.0	0.2146118721461187
77400.0	0.23931623931623933
82200.0	0.23790322580645162
87000.0	0.22433460076045628
91800.0	0.21299638989169675
96600.0	0.2054794520547945
101400.0	0.19607843137254902
106200.0	0.18691588785046728
111000.0	0.1791044776119403
115800.0	0.17191977077363896
120600.0	0.16483516483516483
125400.0	0.15873015873015872
130200.0	0.15267175572519084
138000.0	0.14423076923076922
147600.0	0.1348314606741573
157200.0	0.12631578947368421
166800.0	0.11904761904761904
176400.0	0.1125703564727955
186000.0	0.10676156583629894
195600.0	0.10135135135135136
205200.0	0.09646302250803858
214800.0	0.09216589861751152
224400.0	0.08823529411764706
234000.0	0.0846262341325811
243600.0	0.08130081300813008
253200.0	0.078125
139800.0	0.14218009478672985
149400.0	0.13303769401330376
159000.0	0.125
168600.0	0.11764705882352941
178200.0	0.11131725417439703
187800.0	0.1056338028169014
197400.0	0.10033444816053512
207000.0	0.09569377990430622
216600.0	0.09146341463414634
226200.0	0.08759124087591241
235800.0	0.08391608391608392
245400.0	0.08064516129032258
255000.0	0.07761966364812418
33000.0	0.45
35400.0	0.4205607476635514
37800.0	0.39473684210526316
40200.0	0.3770491803278688
42600.0	0.35658914728682173
45000.0	0.3382352941176471
47400.0	0.3194444444444444
49800.0	0.31125827814569534
52200.0	0.2974683544303797
54600.0	0.28484848484848485
57000.0	0.27167630057803466
59400.0	0.2611111111111111
61800.0	0.25133689839572193
64200.0	0.2422680412371134
66000.0	0.235
262200.0	0.07547169811320754
70800.0	0.21962616822429906
75600.0	0.2314410480349345
80400.0	0.24279835390946503
85200.0	0.22957198443579765
90000.0	0.21691176470588236
94800.0	0.2097902097902098
99600.0	0.19933554817275748
104400.0	0.19047619047619047
109200.0	0.18181818181818182
114000.0	0.1744186046511628
118800.0	0.16759776536312848
123600.0	0.16085790884718498
128400.0	0.15503875968992248
136800.0	0.14527845036319612
146400.0	0.13574660633484162
156000.0	0.12738853503184713
165600.0	0.12
175200.0	0.11320754716981132
184800.0	0.1073345259391771
194400.0	0.10186757215619695
204000.0	0.0970873786407767
213600.0	0.09273570324574962
223200.0	0.08875739644970414
232800.0	0.0851063829787234
242400.0	0.08163265306122448
252000.0	0.07853403141361257
261600.0	0.07556675062972293
273600.0	0.07228915662650602
138600.0	0.14354066985645933
148200.0	0.1342281879194631
157800.0	0.12578616352201258
167400.0	0.11857707509881422
177000.0	0.11214953271028037
186600.0	0.10638297872340426
196200.0	0.10101010101010101
205800.0	0.09630818619582665
215400.0	0.09188361408882083
225000.0	0.08797653958944282
234600.0	0.08438818565400844
244200.0	0.08108108108108109
253800.0	0.07792207792207792
66600.0	0.23383084577114427
71400.0	0.2175925925925926
76200.0	0.2391304347826087
81000.0	0.24081632653061225
85800.0	0.2277992277992278
90600.0	0.21532846715328466
95400.0	0.20833333333333334
100200.0	0.19801980198019803
105000.0	0.1892744479495268
109800.0	0.18126888217522658
114600.0	0.17341040462427745
119400.0	0.16666666666666666
124200.0	0.16
129000.0	0.15424164524421594
140400.0	0.14150943396226415
150000.0	0.13245033112582782
159600.0	0.12448132780082988
169200.0	0.11741682974559686
178800.0	0.11090573012939002
188400.0	0.10526315789473684
198000.0	0.1
207600.0	0.09538950715421304
217200.0	0.0911854103343465
226800.0	0.08733624454148471
236400.0	0.08379888268156424
246000.0	0.08053691275167785
255600.0	0.07741935483870968
263400.0	0.07509386733416772
132600.0	0.15
142200.0	0.13986013986013987
151800.0	0.13100436681222707
161400.0	0.12295081967213115
171000.0	0.11605415860735009
180600.0	0.10989010989010989
190200.0	0.10434782608695652
199800.0	0.09917355371900827
209400.0	0.0946372239747634
219000.0	0.09036144578313253
228600.0	0.08658008658008658
238200.0	0.08321775312066575
247800.0	0.07989347536617843
257400.0	0.07682458386683738
17400.0	0.0
265200.0	0.07462686567164178
18600.0	0.0
19800.0	0.0
21000.0	0.015625
22200.0	0.4411764705882353
23400.0	0.4647887323943662
24600.0	0.52
25800.0	0.5769230769230769
27000.0	0.5487804878048781
28200.0	0.5232558139534884
29400.0	0.5056179775280899
30600.0	0.4838709677419355
31800.0	0.46875
34800.0	0.42857142857142855
37200.0	0.39823008849557523
39600.0	0.38333333333333336
42000.0	0.36220472440944884
44400.0	0.34328358208955223
46800.0	0.323943661971831
49200.0	0.31543624161073824
51600.0	0.30128205128205127
54000.0	0.2865853658536585
56400.0	0.27485380116959063
58800.0	0.2640449438202247
61200.0	0.25405405405405407
63600.0	0.24479166666666666
69600.0	0.22274881516587677
267000.0	0.07407407407407407
74400.0	0.2311111111111111
79200.0	0.24686192468619247
84000.0	0.23228346456692914
88800.0	0.22014925373134328
93600.0	0.21201413427561838
98400.0	0.20202020202020202
103200.0	0.19230769230769232
108000.0	0.18404907975460122
112800.0	0.17647058823529413
117600.0	0.16901408450704225
122400.0	0.16260162601626016
127200.0	0.15625
139200.0	0.14285714285714285
148800.0	0.133630289532294
158400.0	0.12552301255230125
168000.0	0.11811023622047244
177600.0	0.11173184357541899
187200.0	0.10600706713780919
196800.0	0.10067114093959731
206400.0	0.096
216000.0	0.09174311926605505
225600.0	0.08784773060029283
235200.0	0.08415147265077139
244800.0	0.08086253369272237
254400.0	0.07782101167315175
131400.0	0.15151515151515152
141000.0	0.1411764705882353
150600.0	0.13186813186813187
160200.0	0.12396694214876033
169800.0	0.11695906432748537
179400.0	0.11070110701107011
189000.0	0.1048951048951049
198600.0	0.09983361064891846
208200.0	0.09508716323296355
217800.0	0.09090909090909091
227400.0	0.08708272859216255
237000.0	0.08356545961002786
246600.0	0.08032128514056225
256200.0	0.07722007722007722
262800.0	0.07528230865746549
264600.0	0.074719800747198
70200.0	0.22169811320754718
75000.0	0.2290748898678414
79800.0	0.24481327800829875
84600.0	0.23046875
89400.0	0.21851851851851853
94200.0	0.2112676056338028
99000.0	0.20066889632107024
103800.0	0.19169329073482427
108600.0	0.18292682926829268
113400.0	0.17543859649122806
118200.0	0.16806722689075632
123000.0	0.16172506738544473
127800.0	0.15544041450777202
133200.0	0.14925373134328357
142800.0	0.13921113689095127
152400.0	0.13043478260869565
162000.0	0.12269938650306748
171600.0	0.11560693641618497
181200.0	0.10948905109489052
190800.0	0.10398613518197573
200400.0	0.09884678747940692
210000.0	0.09433962264150944
219600.0	0.09009009009009009
229200.0	0.08645533141210375
238800.0	0.08298755186721991
248400.0	0.0796812749003984
258000.0	0.07662835249042145
266400.0	0.07425742574257425
268200.0	0.07371007371007371
135000.0	0.14742014742014742
144600.0	0.13761467889908258
154200.0	0.12875536480686695
163800.0	0.12121212121212122
173400.0	0.11450381679389313
183000.0	0.10849909584086799
192600.0	0.10291595197255575
202200.0	0.09787928221859707
211800.0	0.09345794392523364
221400.0	0.08941877794336811
231000.0	0.08571428571428572
240600.0	0.0823045267489712
250200.0	0.07905138339920949
259800.0	0.07614213197969544
270000.0	0.07326007326007326
34200.0	0.4326923076923077
36600.0	0.40540540540540543
39000.0	0.3898305084745763
41400.0	0.368
43800.0	0.3458646616541353
46200.0	0.32857142857142857
48600.0	0.3197278911564626
51000.0	0.3051948051948052
53400.0	0.29012345679012347
55800.0	0.2781065088757396
58200.0	0.26704545454545453
60600.0	0.2568306010928962
63000.0	0.24607329842931938
65400.0	0.23737373737373738
68400.0	0.22705314009661837
271800.0	0.07281553398058252
73200.0	0.22624434389140272
78000.0	0.2457627118644068
82800.0	0.236
87600.0	0.22264150943396227
92400.0	0.21505376344086022
97200.0	0.20408163265306123
102000.0	0.19480519480519481
106800.0	0.18633540372670807
111600.0	0.17804154302670624
116400.0	0.17094017094017094
121200.0	0.1643835616438356
126000.0	0.15789473684210525
130800.0	0.1518987341772152

